6.148003655223259557e+03 6.149266601562500000e+03
6.148038009293893992e+03 6.149296386718750000e+03
6.148072367314515759e+03 6.149326171875000000e+03
6.148106729304317014e+03 6.149355957031250000e+03
6.148141095282491733e+03 6.149385742187500000e+03
6.148175465268232983e+03 6.149415527343750000e+03
6.148209839280732922e+03 6.149445312500000000e+03
6.148244217339190982e+03 6.149475097656250000e+03
6.148278599462802958e+03 6.149504882812500000e+03
6.148312985670761918e+03 6.149534667968750000e+03
6.148347375982269114e+03 6.149564453125000000e+03
6.148381770416524887e+03 6.149594726562500000e+03
6.148416168992725943e+03 6.149624511718750000e+03
6.148450571730073534e+03 6.149654296875000000e+03
6.148484978647769822e+03 6.149684082031250000e+03
6.148519389765017877e+03 6.149714355468750000e+03
6.148553805101019861e+03 6.149744140625000000e+03
6.148588224674978846e+03 6.149774414062500000e+03
6.148622648506103360e+03 6.149804199218750000e+03
6.148657076613597383e+03 6.149834472656250000e+03
6.148691509016665805e+03 6.149864257812500000e+03
6.148725945734518973e+03 6.149894531250000000e+03
6.148760386786364506e+03 6.149924316406250000e+03
6.148794832191411842e+03 6.149954589843750000e+03
6.148829281968871328e+03 6.149984375000000000e+03
6.148863736137952401e+03 6.150014648437500000e+03
6.148898194717869956e+03 6.150044921875000000e+03
6.148932657727835249e+03 6.150074707031250000e+03
6.148967125187060446e+03 6.150104980468750000e+03
6.149001597114764991e+03 6.150134765625000000e+03
6.149036073530159229e+03 6.150165039062500000e+03
6.149070554452462602e+03 6.150195312500000000e+03
6.149105039900890915e+03 6.150225585937500000e+03
6.149139529894662701e+03 6.150255859375000000e+03
6.149174024452999220e+03 6.150285644531250000e+03
6.149208523595115366e+03 6.150315917968750000e+03
6.149243027340236040e+03 6.150346679687500000e+03
6.149277535707581592e+03 6.150376464843750000e+03
6.149312048716376921e+03 6.150406738281250000e+03
6.149346566385838742e+03 6.150437500000000000e+03
6.149381088735199228e+03 6.150467285156250000e+03
6.149415615783679641e+03 6.150497558593750000e+03
6.149450147550505790e+03 6.150528320312500000e+03
6.149484684054904392e+03 6.150558593750000000e+03
6.149519225316105803e+03 6.150588867187500000e+03
6.149553771353337652e+03 6.150619140625000000e+03
6.149588322185826655e+03 6.150649902343750000e+03
6.149622877832808626e+03 6.150680175781250000e+03
6.149657438313511193e+03 6.150710449218750000e+03
6.149692003647164711e+03 6.150740722656250000e+03
6.149726573853005902e+03 6.150771484375000000e+03
6.149761148950267852e+03 6.150801757812500000e+03
6.149795728958185464e+03 6.150832519531250000e+03
6.149830313895993640e+03 6.150862792968750000e+03
6.149864903782930014e+03 6.150893066406250000e+03
6.149899498638234036e+03 6.150923828125000000e+03
6.149934098481139699e+03 6.150954589843750000e+03
6.149968703330887365e+03 6.150984863281250000e+03
6.150003313206719213e+03 6.151015625000000000e+03
6.150037928127876512e+03 6.151046386718750000e+03
6.150072548113597804e+03 6.151076660156250000e+03
6.150107173183129817e+03 6.151106933593750000e+03
6.150141803355715638e+03 6.151137695312500000e+03
6.150176438650597447e+03 6.151168457031250000e+03
6.150211079087020153e+03 6.151199218750000000e+03
6.150245724684233210e+03 6.151229980468750000e+03
6.150280375461483345e+03 6.151260742187500000e+03
6.150315031438018195e+03 6.151291015625000000e+03
6.150349692633086306e+03 6.151321777343750000e+03
6.150384359065938952e+03 6.151352539062500000e+03
6.150419030755824679e+03 6.151383300781250000e+03
6.150453707721999308e+03 6.151414062500000000e+03
6.150488389983709567e+03 6.151444824218750000e+03
6.150523077560213096e+03 6.151475585937500000e+03
6.150557770470762989e+03 6.151506347656250000e+03
6.150592468734613249e+03 6.151537109375000000e+03
6.150627172371023335e+03 6.151567871093750000e+03
6.150661881399249978e+03 6.151599121093750000e+03
6.150696595838548092e+03 6.151630371093750000e+03
6.150731315708176226e+03 6.151661132812500000e+03
6.150766041027397478e+03 6.151691894531250000e+03
6.150800771815472217e+03 6.151722656250000000e+03
6.150835508091658085e+03 6.151753417968750000e+03
6.150870249875220907e+03 6.151784179687500000e+03
6.150904997185424691e+03 6.151815429687500000e+03
6.150939750041530715e+03 6.151846679687500000e+03
6.150974508462805716e+03 6.151877441406250000e+03
6.151009272468514609e+03 6.151908203125000000e+03
6.151044042077925951e+03 6.151939453125000000e+03
6.151078817310306476e+03 6.151970214843750000e+03
6.151113598184922921e+03 6.152001464843750000e+03
6.151148384721050206e+03 6.152032714843750000e+03
6.151183176937952339e+03 6.152063476562500000e+03
6.151217974854906970e+03 6.152094726562500000e+03
6.151252778491180834e+03 6.152125976562500000e+03
6.151287587866050671e+03 6.152156738281250000e+03
6.151322402998787766e+03 6.152187988281250000e+03
6.151357223908669766e+03 6.152219238281250000e+03
6.151392050614969776e+03 6.152250488281250000e+03
6.151426883136969082e+03 6.152281250000000000e+03
6.151461721493940786e+03 6.152312988281250000e+03
6.151496565705163448e+03 6.152343750000000000e+03
6.151531415789919265e+03 6.152375000000000000e+03
6.151566271767488615e+03 6.152406250000000000e+03
6.151601133657152786e+03 6.152437500000000000e+03
6.151636001478188518e+03 6.152469238281250000e+03
6.151670875249886194e+03 6.152500000000000000e+03
6.151705754991526192e+03 6.152531250000000000e+03
6.151740640722390708e+03 6.152562988281250000e+03
6.151775532461772855e+03 6.152593750000000000e+03
6.151810430228952100e+03 6.152625488281250000e+03
6.151845334043220646e+03 6.152656738281250000e+03
6.151880243923864327e+03 6.152687988281250000e+03
6.151915159890172617e+03 6.152719238281250000e+03
6.151950081961438627e+03 6.152750976562500000e+03
6.151985010156950921e+03 6.152782226562500000e+03
6.152019944495999880e+03 6.152813964843750000e+03
6.152054884997883164e+03 6.152845214843750000e+03
6.152089831681892974e+03 6.152876464843750000e+03
6.152124784567321512e+03 6.152908203125000000e+03
6.152159743673468256e+03 6.152939453125000000e+03
6.152194709019626316e+03 6.152971191406250000e+03
6.152229680625096989e+03 6.153002441406250000e+03
6.152264658509174296e+03 6.153034179687500000e+03
6.152299642691160443e+03 6.153065917968750000e+03
6.152334633190356726e+03 6.153097167968750000e+03
6.152369630026063533e+03 6.153128906250000000e+03
6.152404633217579430e+03 6.153160644531250000e+03
6.152439642784211173e+03 6.153191894531250000e+03
6.152474658745264605e+03 6.153223632812500000e+03
6.152509681120036475e+03 6.153255371093750000e+03
6.152544709927841723e+03 6.153287109375000000e+03
6.152579745187982553e+03 6.153318359375000000e+03
6.152614786919766630e+03 6.153350097656250000e+03
6.152649835142500706e+03 6.153381835937500000e+03
6.152684889875497902e+03 6.153414062500000000e+03
6.152719951138067700e+03 6.153445312500000000e+03
6.152755018949518671e+03 6.153477050781250000e+03
6.152790093329164847e+03 6.153508789062500000e+03
6.152825174296319346e+03 6.153540527343750000e+03
6.152860261870297109e+03 6.153572753906250000e+03
6.152895356070409434e+03 6.153604492187500000e+03
6.152930456915975810e+03 6.153636230468750000e+03
6.152965564426312085e+03 6.153667968750000000e+03
6.153000678620735926e+03 6.153699707031250000e+03
6.153035799518560452e+03 6.153731445312500000e+03
6.153070927139115156e+03 6.153763671875000000e+03
6.153106061501714066e+03 6.153795410156250000e+03
6.153141202625678488e+03 6.153827148437500000e+03
6.153176350530332456e+03 6.153859375000000000e+03
6.153211505234997276e+03 6.153891113281250000e+03
6.153246666759000618e+03 6.153923339843750000e+03
6.153281835121663789e+03 6.153955078125000000e+03
6.153317010342311733e+03 6.153987304687500000e+03
6.153352192440277577e+03 6.154019042968750000e+03
6.153387381434882627e+03 6.154051269531250000e+03
6.153422577345457285e+03 6.154083007812500000e+03
6.153457780191331949e+03 6.154115722656250000e+03
6.153492989991837931e+03 6.154147460937500000e+03
6.153528206766304720e+03 6.154179687500000000e+03
6.153563430534065446e+03 6.154211425781250000e+03
6.153598661314453238e+03 6.154243652343750000e+03
6.153633899126802135e+03 6.154275878906250000e+03
6.153669143990450721e+03 6.154307617187500000e+03
6.153704395924727578e+03 6.154340332031250000e+03
6.153739654948978568e+03 6.154372558593750000e+03
6.153774921082532273e+03 6.154404296875000000e+03
6.153810194344735464e+03 6.154436523437500000e+03
6.153845474754924908e+03 6.154469238281250000e+03
6.153880762332441918e+03 6.154501464843750000e+03
6.153916057096626901e+03 6.154533203125000000e+03
6.153951359066821169e+03 6.154565429687500000e+03
6.153986668262371495e+03 6.154598144531250000e+03
6.154021984702621012e+03 6.154630371093750000e+03
6.154057308406914672e+03 6.154662597656250000e+03
6.154092639394597427e+03 6.154694824218750000e+03
6.154127977685020596e+03 6.154727050781250000e+03
6.154163323297529132e+03 6.154759277343750000e+03
6.154198676251470715e+03 6.154791992187500000e+03
6.154234036566198483e+03 6.154824218750000000e+03
6.154269404261063755e+03 6.154856933593750000e+03
6.154304779355415121e+03 6.154889160156250000e+03
6.154340161868606629e+03 6.154921875000000000e+03
6.154375551819993234e+03 6.154954101562500000e+03
6.154410949228931713e+03 6.154986816406250000e+03
6.154446354114770656e+03 6.155019042968750000e+03
6.154481766496873206e+03 6.155051757812500000e+03
6.154517186394594319e+03 6.155083984375000000e+03
6.154552613827291680e+03 6.155116699218750000e+03
6.154588048814325703e+03 6.155148925781250000e+03
6.154623491375056801e+03 6.155181640625000000e+03
6.154658941528846299e+03 6.155214355468750000e+03
6.154694399295057337e+03 6.155247070312500000e+03
6.154729864693048512e+03 6.155279785156250000e+03
6.154765337742189331e+03 6.155312011718750000e+03
6.154800818461842937e+03 6.155344726562500000e+03
6.154836306871373381e+03 6.155377441406250000e+03
6.154871802990151991e+03 6.155410156250000000e+03
6.154907306837541000e+03 6.155442871093750000e+03
6.154942818432912645e+03 6.155475585937500000e+03
6.154978337795635525e+03 6.155508300781250000e+03
6.155013864945081878e+03 6.155541015625000000e+03
6.155049399900621211e+03 6.155573730468750000e+03
6.155084942681627581e+03 6.155606445312500000e+03
6.155120493307470497e+03 6.155639648437500000e+03
6.155156051797532200e+03 6.155672363281250000e+03
6.155191618171182199e+03 6.155704589843750000e+03
6.155227192447797279e+03 6.155737792968750000e+03
6.155262774646756043e+03 6.155770507812500000e+03
6.155298364787438004e+03 6.155803222656250000e+03
6.155333962889219947e+03 6.155836425781250000e+03
6.155369568971480476e+03 6.155869140625000000e+03
6.155405183053607288e+03 6.155902343750000000e+03
6.155440805154973532e+03 6.155935058593750000e+03
6.155476435294969633e+03 6.155968261718750000e+03
6.155512073492974196e+03 6.156000976562500000e+03
6.155547719768377647e+03 6.156034179687500000e+03
6.155583374140559499e+03 6.156066894531250000e+03
6.155619036628911090e+03 6.156100097656250000e+03
6.155654707252819207e+03 6.156133300781250000e+03
6.155690386031671551e+03 6.156166015625000000e+03
6.155726072984859456e+03 6.156199218750000000e+03
6.155761768131770623e+03 6.156231933593750000e+03
6.155797471491799115e+03 6.156265136718750000e+03
6.155833183084338089e+03 6.156298339843750000e+03
6.155868902928777061e+03 6.156331542968750000e+03
6.155904631044512826e+03 6.156364746093750000e+03
6.155940367450942176e+03 6.156397949218750000e+03
6.155976112167460997e+03 6.156430664062500000e+03
6.156011865213463352e+03 6.156463867187500000e+03
6.156047626608351493e+03 6.156497558593750000e+03
6.156083396371524032e+03 6.156530761718750000e+03
6.156119174522378671e+03 6.156563476562500000e+03
6.156154961080317662e+03 6.156596679687500000e+03
6.156190756064743255e+03 6.156630371093750000e+03
6.156226559495060428e+03 6.156663574218750000e+03
6.156262371390670523e+03 6.156696777343750000e+03
6.156298191770979429e+03 6.156730468750000000e+03
6.156334020655393942e+03 6.156763183593750000e+03
6.156369858063320862e+03 6.156796386718750000e+03
6.156405704014164257e+03 6.156830078125000000e+03
6.156441558527338202e+03 6.156863281250000000e+03
6.156477421622249494e+03 6.156896972656250000e+03
6.156513293318309479e+03 6.156930175781250000e+03
6.156549173634932231e+03 6.156963867187500000e+03
6.156585062591526366e+03 6.156997070312500000e+03
6.156620960207508688e+03 6.157030761718750000e+03
6.156656866502291450e+03 6.157063964843750000e+03
6.156692781495293275e+03 6.157097656250000000e+03
6.156728705205927326e+03 6.157130859375000000e+03
6.156764637653614045e+03 6.157164550781250000e+03
6.156800578857768414e+03 6.157198242187500000e+03
6.156836528837815422e+03 6.157231445312500000e+03
6.156872487613170961e+03 6.157265136718750000e+03
6.156908455203259109e+03 6.157299316406250000e+03
6.156944431627495760e+03 6.157332519531250000e+03
6.156980416905315906e+03 6.157366210937500000e+03
6.157016411056134530e+03 6.157399902343750000e+03
6.157052414099381167e+03 6.157433105468750000e+03
6.157088426054478077e+03 6.157466796875000000e+03
6.157124446940857524e+03 6.157500976562500000e+03
6.157160476777945405e+03 6.157534667968750000e+03
6.157196515585170346e+03 6.157567871093750000e+03
6.157232563381964610e+03 6.157601562500000000e+03
6.157268620187756824e+03 6.157635742187500000e+03
6.157304686021981070e+03 6.157669433593750000e+03
6.157340760904069612e+03 6.157703125000000000e+03
6.157376844853457442e+03 6.157736816406250000e+03
6.157412937889576824e+03 6.157770996093750000e+03
6.157449040031868208e+03 6.157804687500000000e+03
6.157485151299763857e+03 6.157838378906250000e+03
6.157521271712706039e+03 6.157872558593750000e+03
6.157557401290132475e+03 6.157906250000000000e+03
6.157593540051481796e+03 6.157940429687500000e+03
6.157629688016197179e+03 6.157974121093750000e+03
6.157665845203719073e+03 6.158007812500000000e+03
6.157702011633491566e+03 6.158041992187500000e+03
6.157738187324956016e+03 6.158075683593750000e+03
6.157774372297558330e+03 6.158109863281250000e+03
6.157810566570748051e+03 6.158143554687500000e+03
6.157846770163967449e+03 6.158177734375000000e+03
6.157882983096666976e+03 6.158211425781250000e+03
6.157919205388295268e+03 6.158246093750000000e+03
6.157955437058302778e+03 6.158279785156250000e+03
6.157991678126135412e+03 6.158313964843750000e+03
6.158027928611250900e+03 6.158348144531250000e+03
6.158064188533102424e+03 6.158381835937500000e+03
6.158100457911136800e+03 6.158416503906250000e+03
6.158136736764817215e+03 6.158450195312500000e+03
6.158173025113594122e+03 6.158484375000000000e+03
6.158209322976927979e+03 6.158519042968750000e+03
6.158245630374272878e+03 6.158552734375000000e+03
6.158281947325088368e+03 6.158586914062500000e+03
6.158318273848837634e+03 6.158621582031250000e+03
6.158354609964977499e+03 6.158655273437500000e+03
6.158390955692972057e+03 6.158689941406250000e+03
6.158427311052283585e+03 6.158724121093750000e+03
6.158463676062374361e+03 6.158758789062500000e+03
6.158500050742712119e+03 6.158792480468750000e+03
6.158536435112759136e+03 6.158827148437500000e+03
6.158572829191985875e+03 6.158861328125000000e+03
6.158609232999856431e+03 6.158895996093750000e+03
6.158645646555843086e+03 6.158930175781250000e+03
6.158682069879410847e+03 6.158964355468750000e+03
6.158718502990036541e+03 6.158998535156250000e+03
6.158754945907188812e+03 6.159033203125000000e+03
6.158791398650338124e+03 6.159067871093750000e+03
6.158827861238964033e+03 6.159102050781250000e+03
6.158864333692536093e+03 6.159136718750000000e+03
6.158900816030532042e+03 6.159171386718750000e+03
6.158937308272431437e+03 6.159206054687500000e+03
6.158973810437705652e+03 6.159239746093750000e+03
6.159010322545839699e+03 6.159274414062500000e+03
6.159046844616309500e+03 6.159309082031250000e+03
6.159083376668597339e+03 6.159343750000000000e+03
6.159119918722184593e+03 6.159378417968750000e+03
6.159156470796556277e+03 6.159412597656250000e+03
6.159193032911192859e+03 6.159447265625000000e+03
6.159229605085581170e+03 6.159481933593750000e+03
6.159266187339208045e+03 6.159516601562500000e+03
6.159302779691557589e+03 6.159551757812500000e+03
6.159339382162118454e+03 6.159586425781250000e+03
6.159375994770382022e+03 6.159621093750000000e+03
6.159412617535836944e+03 6.159655761718750000e+03
6.159449250477973692e+03 6.159690429687500000e+03
6.159485893616283647e+03 6.159725097656250000e+03
6.159522546970260009e+03 6.159759765625000000e+03
6.159559210559398707e+03 6.159794433593750000e+03
6.159595884403190212e+03 6.159829589843750000e+03
6.159632568521136818e+03 6.159864746093750000e+03
6.159669262932731726e+03 6.159899414062500000e+03
6.159705967657473593e+03 6.159934082031250000e+03
6.159742682714861076e+03 6.159968750000000000e+03
6.159779408124394649e+03 6.160003906250000000e+03
6.159816143905575700e+03 6.160038574218750000e+03
6.159852890077908341e+03 6.160073730468750000e+03
6.159889646660890321e+03 6.160108398437500000e+03
6.159926413674031210e+03 6.160143554687500000e+03
6.159963191136834212e+03 6.160178710937500000e+03
6.159999979068804350e+03 6.160213378906250000e+03
6.160036777489451197e+03 6.160248535156250000e+03
6.160073586418283412e+03 6.160283691406250000e+03
6.160110405874806929e+03 6.160318359375000000e+03
6.160147235878533138e+03 6.160354003906250000e+03
6.160184076448977066e+03 6.160388671875000000e+03
6.160220927605647375e+03 6.160423339843750000e+03
6.160257789368058184e+03 6.160458984375000000e+03
6.160294661755724519e+03 6.160493652343750000e+03
6.160331544788161409e+03 6.160529296875000000e+03
6.160368438484888429e+03 6.160564453125000000e+03
6.160405342865416060e+03 6.160599609375000000e+03
6.160442257949269333e+03 6.160634765625000000e+03
6.160479183755967824e+03 6.160669921875000000e+03
6.160516120305028380e+03 6.160705078125000000e+03
6.160553067615976033e+03 6.160740722656250000e+03
6.160590025708329449e+03 6.160775390625000000e+03
6.160626994601616389e+03 6.160811035156250000e+03
6.160663974315359155e+03 6.160846191406250000e+03
6.160700964869085510e+03 6.160881835937500000e+03
6.160737966282321395e+03 6.160916503906250000e+03
6.160774978574595480e+03 6.160952148437500000e+03
6.160812001765433706e+03 6.160987304687500000e+03
6.160849035874371111e+03 6.161022949218750000e+03
6.160886080920935456e+03 6.161058593750000000e+03
6.160923136924661776e+03 6.161093750000000000e+03
6.160960203905076014e+03 6.161128906250000000e+03
6.160997281881722301e+03 6.161164550781250000e+03
6.161034370874127490e+03 6.161199707031250000e+03
6.161071470901833891e+03 6.161235351562500000e+03
6.161108581984373814e+03 6.161270996093750000e+03
6.161145704141288661e+03 6.161306152343750000e+03
6.161182837392116198e+03 6.161341796875000000e+03
6.161219981756397829e+03 6.161377929687500000e+03
6.161257137253676774e+03 6.161413574218750000e+03
6.161294303903492619e+03 6.161448730468750000e+03
6.161331481725388585e+03 6.161484375000000000e+03
6.161368670738913352e+03 6.161520019531250000e+03
6.161405870963609232e+03 6.161555664062500000e+03
6.161443082419023995e+03 6.161591308593750000e+03
6.161480305124705410e+03 6.161626953125000000e+03
6.161517539100201247e+03 6.161662597656250000e+03
6.161554784365063824e+03 6.161698242187500000e+03
6.161592040938841819e+03 6.161733886718750000e+03
6.161629308841088459e+03 6.161770019531250000e+03
6.161666588091355152e+03 6.161805664062500000e+03
6.161703878709201490e+03 6.161841308593750000e+03
6.161741180714175243e+03 6.161876953125000000e+03
6.161778494125834186e+03 6.161912597656250000e+03
6.161815818963741549e+03 6.161948730468750000e+03
6.161853155247451468e+03 6.161984375000000000e+03
6.161890502996519899e+03 6.162020507812500000e+03
6.161927862230512801e+03 6.162056152343750000e+03
6.161965232968990676e+03 6.162092285156250000e+03
6.162002615231514937e+03 6.162127929687500000e+03
6.162040009037646996e+03 6.162164062500000000e+03
6.162077414406956450e+03 6.162200195312500000e+03
6.162114831359008349e+03 6.162235839843750000e+03
6.162152259913366834e+03 6.162271972656250000e+03
6.162189700089599683e+03 6.162308105468750000e+03
6.162227151907278312e+03 6.162343750000000000e+03
6.162264615385973229e+03 6.162379882812500000e+03
6.162302090545253122e+03 6.162416015625000000e+03
6.162339577404690317e+03 6.162451660156250000e+03
6.162377075983860777e+03 6.162487792968750000e+03
6.162414586302335920e+03 6.162524414062500000e+03
6.162452108379692618e+03 6.162560546875000000e+03
6.162489642235506835e+03 6.162596679687500000e+03
6.162527187889357265e+03 6.162632812500000000e+03
6.162564745360821689e+03 6.162668945312500000e+03
6.162602314669477892e+03 6.162705078125000000e+03
6.162639895834910931e+03 6.162741210937500000e+03
6.162677488876700409e+03 6.162777343750000000e+03
6.162715093814429565e+03 6.162813964843750000e+03
6.162752710667679821e+03 6.162850097656250000e+03
6.162790339456040783e+03 6.162886230468750000e+03
6.162827980199095691e+03 6.162922851562500000e+03
6.162865632916431423e+03 6.162958984375000000e+03
6.162903297627639404e+03 6.162995117187500000e+03
6.162940974352305602e+03 6.163031250000000000e+03
6.162978663110024172e+03 6.163067871093750000e+03
6.163016363920381991e+03 6.163104492187500000e+03
6.163054076802975032e+03 6.163140625000000000e+03
6.163091801777398359e+03 6.163176757812500000e+03
6.163129538863243397e+03 6.163213378906250000e+03
6.163167288080107937e+03 6.163250000000000000e+03
6.163205049447588863e+03 6.163286132812500000e+03
6.163242822985283055e+03 6.163322753906250000e+03
6.163280608712790126e+03 6.163359375000000000e+03
6.163318406649713324e+03 6.163395996093750000e+03
6.163356216815649532e+03 6.163432617187500000e+03
6.163394039230204726e+03 6.163468750000000000e+03
6.163431873912978517e+03 6.163505371093750000e+03
6.163469720883583250e+03 6.163541992187500000e+03
6.163507580161615806e+03 6.163579101562500000e+03
6.163545451766687620e+03 6.163615234375000000e+03
6.163583335718404669e+03 6.163651855468750000e+03
6.163621232036378387e+03 6.163688476562500000e+03
6.163659140740217481e+03 6.163725097656250000e+03
6.163697061849532474e+03 6.163762207031250000e+03
6.163734995383936621e+03 6.163798339843750000e+03
6.163772941363044083e+03 6.163835449218750000e+03
6.163810899806469934e+03 6.163872070312500000e+03
6.163848870733825606e+03 6.163908691406250000e+03
6.163886854164731631e+03 6.163945312500000000e+03
6.163924850118806717e+03 6.163982421875000000e+03
6.163962858615665937e+03 6.164019531250000000e+03
6.164000879674931639e+03 6.164056152343750000e+03
6.164038913316225262e+03 6.164093261718750000e+03
6.164076959559168245e+03 6.164129882812500000e+03
6.164115018423382935e+03 6.164166992187500000e+03
6.164153089928496229e+03 6.164203613281250000e+03
6.164191174094133203e+03 6.164240722656250000e+03
6.164229270939919843e+03 6.164277832031250000e+03
6.164267380485481226e+03 6.164314453125000000e+03
6.164305502750450614e+03 6.164351562500000000e+03
6.164343637754456722e+03 6.164388671875000000e+03
6.164381785517130993e+03 6.164425292968750000e+03
6.164419946058103051e+03 6.164462402343750000e+03
6.164458119397008886e+03 6.164499511718750000e+03
6.164496305553484490e+03 6.164536132812500000e+03
6.164534504547160395e+03 6.164573730468750000e+03
6.164572716397676231e+03 6.164610839843750000e+03
6.164610941124671626e+03 6.164647949218750000e+03
6.164649178747781662e+03 6.164685058593750000e+03
6.164687429286647784e+03 6.164722167968750000e+03
6.164725692760913262e+03 6.164759277343750000e+03
6.164763969190218631e+03 6.164796875000000000e+03
6.164802258594208070e+03 6.164833496093750000e+03
6.164840560992523024e+03 6.164870605468750000e+03
6.164878876404814037e+03 6.164908203125000000e+03
6.164917204850724374e+03 6.164945312500000000e+03
6.164955546349903670e+03 6.164982421875000000e+03
6.164993900921997920e+03 6.165020019531250000e+03
6.165032268586663122e+03 6.165057128906250000e+03
6.165070649363544362e+03 6.165094726562500000e+03
6.165109043272297640e+03 6.165131835937500000e+03
6.165147450332575318e+03 6.165169433593750000e+03
6.165185870564033394e+03 6.165207031250000000e+03
6.165224303986326049e+03 6.165243652343750000e+03
6.165262750619108374e+03 6.165281250000000000e+03
6.165301210482045462e+03 6.165318847656250000e+03
6.165339683594790586e+03 6.165356445312500000e+03
6.165378169977003381e+03 6.165393554687500000e+03
6.165416669648348034e+03 6.165431152343750000e+03
6.165455182628486909e+03 6.165468750000000000e+03
6.165493708937082374e+03 6.165506347656250000e+03
6.165532248593801341e+03 6.165543945312500000e+03
6.165570801618307087e+03 6.165581542968750000e+03
6.165609368030271071e+03 6.165619140625000000e+03
6.165647947849356569e+03 6.165656738281250000e+03
6.165686541095235043e+03 6.165694335937500000e+03
6.165725147787577953e+03 6.165731933593750000e+03
6.165763767946056760e+03 6.165769531250000000e+03
6.165802401590343834e+03 6.165807128906250000e+03
6.165841048740111546e+03 6.165844726562500000e+03
6.165879709415039542e+03 6.165882812500000000e+03
6.165918383634799284e+03 6.165920410156250000e+03
6.165957071419069507e+03 6.165958007812500000e+03
6.165995772787531678e+03 6.165995605468750000e+03
6.166034487759861804e+03 6.166033691406250000e+03
6.166073216355744080e+03 6.166071289062500000e+03
6.166111958594857242e+03 6.166108886718750000e+03
6.166150714496885485e+03 6.166146972656250000e+03
6.166189484081516639e+03 6.166184570312500000e+03
6.166228267368430352e+03 6.166222167968750000e+03
6.166267064377315364e+03 6.166260742187500000e+03
6.166305875127863146e+03 6.166298339843750000e+03
6.166344699639759710e+03 6.166336425781250000e+03
6.166383537932691979e+03 6.166374023437500000e+03
6.166422390026355970e+03 6.166412109375000000e+03
6.166461255940444062e+03 6.166450195312500000e+03
6.166500135694646815e+03 6.166487792968750000e+03
6.166539029308659337e+03 6.166526367187500000e+03
6.166577936802182194e+03 6.166564453125000000e+03
6.166616858194906854e+03 6.166602050781250000e+03
6.166655793506534792e+03 6.166640136718750000e+03
6.166694742756762025e+03 6.166678222656250000e+03
6.166733705965292756e+03 6.166716796875000000e+03
6.166772683151827550e+03 6.166754394531250000e+03
6.166811674336067881e+03 6.166792480468750000e+03
6.166850679537721589e+03 6.166830566406250000e+03
6.166889698776489240e+03 6.166868652343750000e+03
6.166928732072079583e+03 6.166907226562500000e+03
6.166967779444198641e+03 6.166945312500000000e+03
6.167006840912557891e+03 6.166983398437500000e+03
6.167045916496864265e+03 6.167021972656250000e+03
6.167085006216831971e+03 6.167060058593750000e+03
6.167124110092170667e+03 6.167098144531250000e+03
6.167163228142594562e+03 6.167136230468750000e+03
6.167202360387819681e+03 6.167174804687500000e+03
6.167241506847559322e+03 6.167213378906250000e+03
6.167280667541533148e+03 6.167251464843750000e+03
6.167319842489454459e+03 6.167290039062500000e+03
6.167359031711049283e+03 6.167328125000000000e+03
6.167398235226032739e+03 6.167366699218750000e+03
6.167437453054129037e+03 6.167405273437500000e+03
6.167476685215060570e+03 6.167443359375000000e+03
6.167515931728552459e+03 6.167481933593750000e+03
6.167555192614326188e+03 6.167520507812500000e+03
6.167594467892112334e+03 6.167558593750000000e+03
6.167633757581637838e+03 6.167597656250000000e+03
6.167673061702626910e+03 6.167635742187500000e+03
6.167712380274815587e+03 6.167674316406250000e+03
6.167751713317933536e+03 6.167713378906250000e+03
6.167791060851711336e+03 6.167751464843750000e+03
6.167830422895882293e+03 6.167790527343750000e+03
6.167869799470183352e+03 6.167828613281250000e+03
6.167909190594348729e+03 6.167867675781250000e+03
6.167948596288117187e+03 6.167906250000000000e+03
6.167988016571222943e+03 6.167944335937500000e+03
6.168027451463409307e+03 6.167983398437500000e+03
6.168066900984417771e+03 6.168021972656250000e+03
6.168106365153986189e+03 6.168061035156250000e+03
6.168145843991862421e+03 6.168099609375000000e+03
6.168185337517785229e+03 6.168138671875000000e+03
6.168224845751507019e+03 6.168176757812500000e+03
6.168264368712768373e+03 6.168215820312500000e+03
6.168303906421319880e+03 6.168254394531250000e+03
6.168343458896911216e+03 6.168293457031250000e+03
6.168383026159291148e+03 6.168332031250000000e+03
6.168422608228210265e+03 6.168371582031250000e+03
6.168462205123422791e+03 6.168410156250000000e+03
6.168501816864684770e+03 6.168449218750000000e+03
6.168541443471746788e+03 6.168488281250000000e+03
6.168581084964369438e+03 6.168526855468750000e+03
6.168620741362306944e+03 6.168565917968750000e+03
6.168660412685319898e+03 6.168604980468750000e+03
6.168700098953166162e+03 6.168644042968750000e+03
6.168739800185611784e+03 6.168682617187500000e+03
6.168779516402413719e+03 6.168721679687500000e+03
6.168819247623338924e+03 6.168761230468750000e+03
6.168858993868147991e+03 6.168799804687500000e+03
6.168898755156614243e+03 6.168839355468750000e+03
6.168938531508498272e+03 6.168877929687500000e+03
6.168978322943570674e+03 6.168917480468750000e+03
6.169018129481602045e+03 6.168956542968750000e+03
6.169057951142362072e+03 6.168995605468750000e+03
6.169097787945624987e+03 6.169034667968750000e+03
6.169137639911159567e+03 6.169074218750000000e+03
6.169177507058744595e+03 6.169113281250000000e+03
6.169217389408156123e+03 6.169152343750000000e+03
6.169257286979168384e+03 6.169191894531250000e+03
6.169297199791561980e+03 6.169230957031250000e+03
6.169337127865113871e+03 6.169270019531250000e+03
6.169377071219607387e+03 6.169309570312500000e+03
6.169417029874823129e+03 6.169348632812500000e+03
6.169457003850543515e+03 6.169388183593750000e+03
6.169496993166555512e+03 6.169427734375000000e+03
6.169536997842643359e+03 6.169466796875000000e+03
6.169577017898589474e+03 6.169506347656250000e+03
6.169617053354189011e+03 6.169545898437500000e+03
6.169657104229228025e+03 6.169584960937500000e+03
6.169697170543498032e+03 6.169624511718750000e+03
6.169737252316787817e+03 6.169664062500000000e+03
6.169777349568893442e+03 6.169703613281250000e+03
6.169817462319610058e+03 6.169742675781250000e+03
6.169857590588730091e+03 6.169782226562500000e+03
6.169897734396051419e+03 6.169822265625000000e+03
6.169937893761375562e+03 6.169861816406250000e+03
6.169978068704495854e+03 6.169900878906250000e+03
6.170018259245215631e+03 6.169940429687500000e+03
6.170058465403336413e+03 6.169980468750000000e+03
6.170098687198661537e+03 6.170020019531250000e+03
6.170138924650996159e+03 6.170059570312500000e+03
6.170179177780140890e+03 6.170099121093750000e+03
6.170219446605909070e+03 6.170138671875000000e+03
6.170259731148104947e+03 6.170178710937500000e+03
6.170300031426538226e+03 6.170218261718750000e+03
6.170340347461019519e+03 6.170257812500000000e+03
6.170380679271360350e+03 6.170297851562500000e+03
6.170421026877374061e+03 6.170337402343750000e+03
6.170461390298873994e+03 6.170377441406250000e+03
6.170501769555677129e+03 6.170417480468750000e+03
6.170542164667599536e+03 6.170456542968750000e+03
6.170582575654458196e+03 6.170496582031250000e+03
6.170623002536074637e+03 6.170536621093750000e+03
6.170663445332265837e+03 6.170576660156250000e+03
6.170703904062856054e+03 6.170616699218750000e+03
6.170744378747669543e+03 6.170656250000000000e+03
6.170784869406528742e+03 6.170696289062500000e+03
6.170825376059257906e+03 6.170735839843750000e+03
6.170865898725686748e+03 6.170775878906250000e+03
6.170906437425641343e+03 6.170815917968750000e+03
6.170946992178951405e+03 6.170855957031250000e+03
6.170987563005449374e+03 6.170896484375000000e+03
6.171028149924965874e+03 6.170936523437500000e+03
6.171068752957330616e+03 6.170976562500000000e+03
6.171109372122385139e+03 6.171016113281250000e+03
6.171150007439960063e+03 6.171056152343750000e+03
6.171190658929892379e+03 6.171096191406250000e+03
6.171231326612022713e+03 6.171136718750000000e+03
6.171272010506188053e+03 6.171176757812500000e+03
6.171312710632231756e+03 6.171216796875000000e+03
6.171353427009995357e+03 6.171257324218750000e+03
6.171394159659321303e+03 6.171297363281250000e+03
6.171434908600055678e+03 6.171337890625000000e+03
6.171475673852042746e+03 6.171377929687500000e+03
6.171516455435126772e+03 6.171418457031250000e+03
6.171557253369163845e+03 6.171458007812500000e+03
6.171598067673998230e+03 6.171498535156250000e+03
6.171638898369483286e+03 6.171538574218750000e+03
6.171679745475469645e+03 6.171579101562500000e+03
6.171720609011811575e+03 6.171619628906250000e+03
6.171761488998365166e+03 6.171660156250000000e+03
6.171802385454983778e+03 6.171700195312500000e+03
6.171843298401528955e+03 6.171740722656250000e+03
6.171884227857856786e+03 6.171781250000000000e+03
6.171925173843828816e+03 6.171821777343750000e+03
6.171966136379302952e+03 6.171862304687500000e+03
6.172007115484146198e+03 6.171902832031250000e+03
6.172048111178221006e+03 6.171943359375000000e+03
6.172089123481389834e+03 6.171983886718750000e+03
6.172130152413525138e+03 6.172024414062500000e+03
6.172171197994491195e+03 6.172064941406250000e+03
6.172212260244155914e+03 6.172105468750000000e+03
6.172253339182391755e+03 6.172145996093750000e+03
6.172294434829071179e+03 6.172186523437500000e+03
6.172335547204064824e+03 6.172227050781250000e+03
6.172376676327249697e+03 6.172267578125000000e+03
6.172417822218496440e+03 6.172308593750000000e+03
6.172458984897690243e+03 6.172349121093750000e+03
6.172500164384704476e+03 6.172389648437500000e+03
6.172541360699417055e+03 6.172430664062500000e+03
6.172582573861710443e+03 6.172471191406250000e+03
6.172623803891470743e+03 6.172512207031250000e+03
6.172665050808575870e+03 6.172552734375000000e+03
6.172706314632911926e+03 6.172593750000000000e+03
6.172747595384368651e+03 6.172634277343750000e+03
6.172788893082831237e+03 6.172675292968750000e+03
6.172830207748185785e+03 6.172715820312500000e+03
6.172871539400326583e+03 6.172756835937500000e+03
6.172912888059142460e+03 6.172797851562500000e+03
6.172954253744528614e+03 6.172838378906250000e+03
6.172995636476375694e+03 6.172879394531250000e+03
6.173037036274582533e+03 6.172920410156250000e+03
6.173078453159042510e+03 6.172961425781250000e+03
6.173119887149657188e+03 6.173002441406250000e+03
6.173161338266323583e+03 6.173042968750000000e+03
6.173202806528943256e+03 6.173083984375000000e+03
6.173244291957418682e+03 6.173125000000000000e+03
6.173285794571650513e+03 6.173166015625000000e+03
6.173327314391546679e+03 6.173207031250000000e+03
6.173368851437010562e+03 6.173248046875000000e+03
6.173410405727951911e+03 6.173289550781250000e+03
6.173451977284276836e+03 6.173330566406250000e+03
6.173493566125899633e+03 6.173371582031250000e+03
6.173535172272728232e+03 6.173412597656250000e+03
6.173576795744676019e+03 6.173453613281250000e+03
6.173618436561655471e+03 6.173495117187500000e+03
6.173660094743585432e+03 6.173536132812500000e+03
6.173701770310379288e+03 6.173577148437500000e+03
6.173743463281955883e+03 6.173618652343750000e+03
6.173785173678235878e+03 6.173659667968750000e+03
6.173826901519139938e+03 6.173701171875000000e+03
6.173868646824590542e+03 6.173742675781250000e+03
6.173910409614504715e+03 6.173784179687500000e+03
6.173952189908817672e+03 6.173825195312500000e+03
6.173993987727448257e+03 6.173866699218750000e+03
6.174035803090326226e+03 6.173907714843750000e+03
6.174077636017379518e+03 6.173949218750000000e+03
6.174119486528540619e+03 6.173990722656250000e+03
6.174161354643738377e+03 6.174031738281250000e+03
6.174203240382907097e+03 6.174073242187500000e+03
6.174245143765979265e+03 6.174114746093750000e+03
6.174287064812893732e+03 6.174156250000000000e+03
6.174329003543583894e+03 6.174197753906250000e+03
6.174370959977988605e+03 6.174239257812500000e+03
6.174412934136051263e+03 6.174280761718750000e+03
6.174454926037709811e+03 6.174322265625000000e+03
6.174496935702906740e+03 6.174363769531250000e+03
6.174538963151581811e+03 6.174405273437500000e+03
6.174581008403688429e+03 6.174447265625000000e+03
6.174623071479169084e+03 6.174488769531250000e+03
6.174665152397968996e+03 6.174530273437500000e+03
6.174707251180042476e+03 6.174571777343750000e+03
6.174749367845334746e+03 6.174613769531250000e+03
6.174791502413802846e+03 6.174655273437500000e+03
6.174833654905394724e+03 6.174696777343750000e+03
6.174875825340070151e+03 6.174738769531250000e+03
6.174918013737781621e+03 6.174780273437500000e+03
6.174960220118489815e+03 6.174822265625000000e+03
6.175002444502149046e+03 6.174863769531250000e+03
6.175044686908722724e+03 6.174905761718750000e+03
6.175086947358174257e+03 6.174947265625000000e+03
6.175129225870462506e+03 6.174989257812500000e+03
6.175171522465552698e+03 6.175030761718750000e+03
6.175213837163411881e+03 6.175072753906250000e+03
6.175256169984005282e+03 6.175114746093750000e+03
6.175298520947301768e+03 6.175156250000000000e+03
6.175340890073274750e+03 6.175198730468750000e+03
6.175383277381890366e+03 6.175240722656250000e+03
6.175425682893124758e+03 6.175282714843750000e+03
6.175468106626949520e+03 6.175324707031250000e+03
6.175510548603341704e+03 6.175366699218750000e+03
6.175553008842279269e+03 6.175408691406250000e+03
6.175595487363737448e+03 6.175450683593750000e+03
6.175637984187695110e+03 6.175492675781250000e+03
6.175680499334137494e+03 6.175534667968750000e+03
6.175723032823043468e+03 6.175576660156250000e+03
6.175765584674397360e+03 6.175618652343750000e+03
6.175808154908186225e+03 6.175660644531250000e+03
6.175850743544395300e+03 6.175702636718750000e+03
6.175893350603012550e+03 6.175745117187500000e+03
6.175935976104025031e+03 6.175787109375000000e+03
6.175978620067428892e+03 6.175829101562500000e+03
6.176021282513211190e+03 6.175871582031250000e+03
6.176063963461369895e+03 6.175913574218750000e+03
6.176106662931894789e+03 6.175955566406250000e+03
6.176149380944785662e+03 6.175998046875000000e+03
6.176192117520041393e+03 6.176040039062500000e+03
6.176234872677658132e+03 6.176082519531250000e+03
6.176277646437638396e+03 6.176125000000000000e+03
6.176320438819981973e+03 6.176166992187500000e+03
6.176363249844696838e+03 6.176209472656250000e+03
6.176406079531781870e+03 6.176251953125000000e+03
6.176448927901249590e+03 6.176293945312500000e+03
6.176491794973101605e+03 6.176336425781250000e+03
6.176534680767352256e+03 6.176378906250000000e+03
6.176577585304007698e+03 6.176421386718750000e+03
6.176620508603084090e+03 6.176463867187500000e+03
6.176663450684591226e+03 6.176506347656250000e+03
6.176706411568544354e+03 6.176548828125000000e+03
6.176749391274962363e+03 6.176591308593750000e+03
6.176792389823860503e+03 6.176633789062500000e+03
6.176835407235259481e+03 6.176676269531250000e+03
6.176878443529177275e+03 6.176718750000000000e+03
6.176921498725638230e+03 6.176761230468750000e+03
6.176964572844665781e+03 6.176803710937500000e+03
6.177007665906281545e+03 6.176846679687500000e+03
6.177050777930514414e+03 6.176889160156250000e+03
6.177093908937392371e+03 6.176931640625000000e+03
6.177137058946945217e+03 6.176974609375000000e+03
6.177180227979198207e+03 6.177017089843750000e+03
6.177223416054191148e+03 6.177060058593750000e+03
6.177266623191951112e+03 6.177102539062500000e+03
6.177309849412516087e+03 6.177145507812500000e+03
6.177353094735919512e+03 6.177187988281250000e+03
6.177396359182202104e+03 6.177230957031250000e+03
6.177439642771403669e+03 6.177273437500000000e+03
6.177482945523562194e+03 6.177316406250000000e+03
6.177526267458719303e+03 6.177359375000000000e+03
6.177569608596922080e+03 6.177402343750000000e+03
6.177612968958210331e+03 6.177444824218750000e+03
6.177656348562636595e+03 6.177487304687500000e+03
6.177699747430243406e+03 6.177530273437500000e+03
6.177743165581084213e+03 6.177573242187500000e+03
6.177786603035206099e+03 6.177616210937500000e+03
6.177830059812663421e+03 6.177659179687500000e+03
6.177873535933509629e+03 6.177702148437500000e+03
6.177917031417799990e+03 6.177745117187500000e+03
6.177960546285592500e+03 6.177788085937500000e+03
6.178004080556940607e+03 6.177831054687500000e+03
6.178047634251908676e+03 6.177874511718750000e+03
6.178091207390556519e+03 6.177916992187500000e+03
6.178134799992943044e+03 6.177959960937500000e+03
6.178178412079135342e+03 6.178002929687500000e+03
6.178222043669200502e+03 6.178046386718750000e+03
6.178265694783203799e+03 6.178089355468750000e+03
6.178309365441210502e+03 6.178132812500000000e+03
6.178353055663294981e+03 6.178175781250000000e+03
6.178396765469526144e+03 6.178218750000000000e+03
6.178440494879977450e+03 6.178261718750000000e+03
6.178484243914720537e+03 6.178305175781250000e+03
6.178528012593837047e+03 6.178348144531250000e+03
6.178571800937397711e+03 6.178391601562500000e+03
6.178615608965484171e+03 6.178435058593750000e+03
6.178659436698175341e+03 6.178478027343750000e+03
6.178703284155556503e+03 6.178520996093750000e+03
6.178747151357707480e+03 6.178564453125000000e+03
6.178791038324710826e+03 6.178607910156250000e+03
6.178834945076657277e+03 6.178651367187500000e+03
6.178878871633631206e+03 6.178694335937500000e+03
6.178922818015725170e+03 6.178737792968750000e+03
6.178966784243022630e+03 6.178781250000000000e+03
6.179010770335624329e+03 6.178824707031250000e+03
6.179054776313617367e+03 6.178867675781250000e+03
6.179098802197098848e+03 6.178911132812500000e+03
6.179142848006166787e+03 6.178955078125000000e+03
6.179186913760916468e+03 6.178998535156250000e+03
6.179230999481450453e+03 6.179041503906250000e+03
6.179275105187865847e+03 6.179084960937500000e+03
6.179319230900267939e+03 6.179128906250000000e+03
6.179363376638760201e+03 6.179171875000000000e+03
6.179407542423447921e+03 6.179215820312500000e+03
6.179451728274437301e+03 6.179259277343750000e+03
6.179495934211837266e+03 6.179303222656250000e+03
6.179540160255761293e+03 6.179346191406250000e+03
6.179584406426313762e+03 6.179390136718750000e+03
6.179628672743613606e+03 6.179434082031250000e+03
6.179672959227773390e+03 6.179477050781250000e+03
6.179717265898908408e+03 6.179520996093750000e+03
6.179761592777136684e+03 6.179564941406250000e+03
6.179805939882577150e+03 6.179608398437500000e+03
6.179850307235352375e+03 6.179651855468750000e+03
6.179894694855582202e+03 6.179695800781250000e+03
6.179939102763389201e+03 6.179739257812500000e+03
6.179983530978901399e+03 6.179783203125000000e+03
6.180027979522245005e+03 6.179826660156250000e+03
6.180072448413545317e+03 6.179870605468750000e+03
6.180116937672935819e+03 6.179914550781250000e+03
6.180161447320546358e+03 6.179958496093750000e+03
6.180205977376506780e+03 6.180002441406250000e+03
6.180250527860955117e+03 6.180045898437500000e+03
6.180295098794026671e+03 6.180089843750000000e+03
6.180339690195856747e+03 6.180133789062500000e+03
6.180384302086585194e+03 6.180177734375000000e+03
6.180428934486353683e+03 6.180221191406250000e+03
6.180473587415302063e+03 6.180265625000000000e+03
6.180518260893572915e+03 6.180309082031250000e+03
6.180562954941317003e+03 6.180353515625000000e+03
6.180607669578675996e+03 6.180397460937500000e+03
6.180652404825796111e+03 6.180441406250000000e+03
6.180697160702832662e+03 6.180485351562500000e+03
6.180741937229933683e+03 6.180529296875000000e+03
6.180786734427249939e+03 6.180573242187500000e+03
6.180831552314940382e+03 6.180617675781250000e+03
6.180876390913156683e+03 6.180661621093750000e+03
6.180921250242056885e+03 6.180706054687500000e+03
6.180966130321801757e+03 6.180750000000000000e+03
6.181011031172551156e+03 6.180794433593750000e+03
6.181055952814464035e+03 6.180838378906250000e+03
6.181100895267709348e+03 6.180882324218750000e+03
6.181145858552448772e+03 6.180926757812500000e+03
6.181190842688848534e+03 6.180970703125000000e+03
6.181235847697075769e+03 6.181015136718750000e+03
6.181280873597304890e+03 6.181059082031250000e+03
6.181325920409703940e+03 6.181103027343750000e+03
6.181370988154447332e+03 6.181147949218750000e+03
6.181416076851705839e+03 6.181191894531250000e+03
6.181461186521660238e+03 6.181236328125000000e+03
6.181506317184486761e+03 6.181280761718750000e+03
6.181551468860360728e+03 6.181324707031250000e+03
6.181596641569467465e+03 6.181369140625000000e+03
6.181641835331988659e+03 6.181413085937500000e+03
6.181687050168105998e+03 6.181458007812500000e+03
6.181732286098004806e+03 6.181502441406250000e+03
6.181777543141874958e+03 6.181546386718750000e+03
6.181822821319903596e+03 6.181590820312500000e+03
6.181868120652280595e+03 6.181635742187500000e+03
6.181913441159194917e+03 6.181680175781250000e+03
6.181958782860847350e+03 6.181724609375000000e+03
6.182004145777424128e+03 6.181768554687500000e+03
6.182049529929126038e+03 6.181813476562500000e+03
6.182094935336152048e+03 6.181857910156250000e+03
6.182140362018700216e+03 6.181902343750000000e+03
6.182185809996971329e+03 6.181947265625000000e+03
6.182231279291168903e+03 6.181991699218750000e+03
6.182276769921497362e+03 6.182036132812500000e+03
6.182322281908161131e+03 6.182080566406250000e+03
6.182367815271371910e+03 6.182125488281250000e+03
6.182413370031332306e+03 6.182170410156250000e+03
6.182458946208259476e+03 6.182214843750000000e+03
6.182504543822362393e+03 6.182259277343750000e+03
6.182550162893856395e+03 6.182304199218750000e+03
6.182595803442955912e+03 6.182348632812500000e+03
6.182641465489878101e+03 6.182393554687500000e+03
6.182687149054842848e+03 6.182437988281250000e+03
6.182732854158067312e+03 6.182482910156250000e+03
6.182778580819777744e+03 6.182527832031250000e+03
6.182824329060197670e+03 6.182572265625000000e+03
6.182870098899548793e+03 6.182617187500000000e+03
6.182915890358058277e+03 6.182662109375000000e+03
6.182961703455956012e+03 6.182707031250000000e+03
6.183007538213472799e+03 6.182751464843750000e+03
6.183053394650836708e+03 6.182796386718750000e+03
6.183099272788285816e+03 6.182841308593750000e+03
6.183145172646052742e+03 6.182885742187500000e+03
6.183191094244371925e+03 6.182930664062500000e+03
6.183237037603483259e+03 6.182975585937500000e+03
6.183283002743626639e+03 6.183020996093750000e+03
6.183328989685042870e+03 6.183065917968750000e+03
6.183374998447977305e+03 6.183110839843750000e+03
6.183421029052668018e+03 6.183155761718750000e+03
6.183467081519368548e+03 6.183200683593750000e+03
6.183513155868321519e+03 6.183245605468750000e+03
6.183559252119778648e+03 6.183290527343750000e+03
6.183605370293992564e+03 6.183335937500000000e+03
6.183651510411213167e+03 6.183380371093750000e+03
6.183697672491697631e+03 6.183425781250000000e+03
6.183743856555695857e+03 6.183470703125000000e+03
6.183790062623471385e+03 6.183516113281250000e+03
6.183836290715282303e+03 6.183561035156250000e+03
6.183882540851388512e+03 6.183605957031250000e+03
6.183928813052052647e+03 6.183651367187500000e+03
6.183975107337539157e+03 6.183696289062500000e+03
6.184021423728113405e+03 6.183741699218750000e+03
6.184067762244041660e+03 6.183787109375000000e+03
6.184114122905595650e+03 6.183832031250000000e+03
6.184160505733046193e+03 6.183877441406250000e+03
6.184206910746663198e+03 6.183922363281250000e+03
6.184253337966721119e+03 6.183967773437500000e+03
6.184299787413497143e+03 6.184012695312500000e+03
6.184346259107266633e+03 6.184058105468750000e+03
6.184392753068312231e+03 6.184103027343750000e+03
6.184439269316910213e+03 6.184148925781250000e+03
6.184485807873345038e+03 6.184193847656250000e+03
6.184532368757901168e+03 6.184239257812500000e+03
6.184578951990861242e+03 6.184284667968750000e+03
6.184625557592515179e+03 6.184330078125000000e+03
6.184672185583152896e+03 6.184375488281250000e+03
6.184718835983062490e+03 6.184420898437500000e+03
6.184765508812536609e+03 6.184466308593750000e+03
6.184812204091872445e+03 6.184511230468750000e+03
6.184858921841359916e+03 6.184557128906250000e+03
6.184905662081300761e+03 6.184602539062500000e+03
6.184952424831993085e+03 6.184647949218750000e+03
6.184999210113735899e+03 6.184693359375000000e+03
6.185046017946832762e+03 6.184738769531250000e+03
6.185092848351586326e+03 6.184784179687500000e+03
6.185139701348303788e+03 6.184829589843750000e+03
6.185186576957292345e+03 6.184875488281250000e+03
6.185233475198862834e+03 6.184920898437500000e+03
6.185280396093320633e+03 6.184966308593750000e+03
6.185327339660982034e+03 6.185011718750000000e+03
6.185374305922162421e+03 6.185057617187500000e+03
6.185421294897172629e+03 6.185103515625000000e+03
6.185468306606334409e+03 6.185148925781250000e+03
6.185515341069964052e+03 6.185194335937500000e+03
6.185562398308384218e+03 6.185240234375000000e+03
6.185609478341916656e+03 6.185285644531250000e+03
6.185656581190885845e+03 6.185331542968750000e+03
6.185703706875618991e+03 6.185376953125000000e+03
6.185750855416440572e+03 6.185422851562500000e+03
6.185798026833682343e+03 6.185468261718750000e+03
6.185845221147674238e+03 6.185514160156250000e+03
6.185892438378750740e+03 6.185560058593750000e+03
6.185939678547244512e+03 6.185605468750000000e+03
6.185986941673490037e+03 6.185651367187500000e+03
6.186034227777828164e+03 6.185697265625000000e+03
6.186081536880597014e+03 6.185743164062500000e+03
6.186128869002137435e+03 6.185789062500000000e+03
6.186176224162793915e+03 6.185834960937500000e+03
6.186223602382910940e+03 6.185880371093750000e+03
6.186271003682832998e+03 6.185926269531250000e+03
6.186318428082907303e+03 6.185972167968750000e+03
6.186365875603487439e+03 6.186018066406250000e+03
6.186413346264925167e+03 6.186064453125000000e+03
6.186460840087570432e+03 6.186109863281250000e+03
6.186508357091778635e+03 6.186155761718750000e+03
6.186555897297907904e+03 6.186201660156250000e+03
6.186603460726314552e+03 6.186247558593750000e+03
6.186651047397361253e+03 6.186293457031250000e+03
6.186698657331407958e+03 6.186339843750000000e+03
6.186746290548820070e+03 6.186385253906250000e+03
6.186793947069962087e+03 6.186431640625000000e+03
6.186841626915198503e+03 6.186477539062500000e+03
6.186889330104902001e+03 6.186523437500000000e+03
6.186937056659443442e+03 6.186569824218750000e+03
6.186984806599190051e+03 6.186615722656250000e+03
6.187032579944519057e+03 6.186662109375000000e+03
6.187080376715808598e+03 6.186708007812500000e+03
6.187128196933432264e+03 6.186754394531250000e+03
6.187176040617769104e+03 6.186800292968750000e+03
6.187223907789202713e+03 6.186846191406250000e+03
6.187271798468115776e+03 6.186892578125000000e+03
6.187319712674890070e+03 6.186938476562500000e+03
6.187367650429911919e+03 6.186984375000000000e+03
6.187415611753573103e+03 6.187030761718750000e+03
6.187463596666262674e+03 6.187076660156250000e+03
6.187511605188367867e+03 6.187123046875000000e+03
6.187559637340284098e+03 6.187169433593750000e+03
6.187607693142407697e+03 6.187215820312500000e+03
6.187655772615134083e+03 6.187261718750000000e+03
6.187703875778860493e+03 6.187308105468750000e+03
6.187752002653991440e+03 6.187354003906250000e+03
6.187800153260924162e+03 6.187400878906250000e+03
6.187848327620066812e+03 6.187446777343750000e+03
6.187896525751818444e+03 6.187493164062500000e+03
6.187944747676592669e+03 6.187539550781250000e+03
6.187992993414797638e+03 6.187585937500000000e+03
6.188041262986842412e+03 6.187632324218750000e+03
6.188089556413137871e+03 6.187678222656250000e+03
6.188137873714103989e+03 6.187724609375000000e+03
6.188186214910151648e+03 6.187770996093750000e+03
6.188234580021699912e+03 6.187817382812500000e+03
6.188282969069171486e+03 6.187864257812500000e+03
6.188331382072984525e+03 6.187910644531250000e+03
6.188379819053565370e+03 6.187957031250000000e+03
6.188428280031335817e+03 6.188002929687500000e+03
6.188476765026724934e+03 6.188049316406250000e+03
6.188525274060160882e+03 6.188096191406250000e+03
6.188573807152074551e+03 6.188142578125000000e+03
6.188622364322895919e+03 6.188189453125000000e+03
6.188670945593060424e+03 6.188235351562500000e+03
6.188719550983005320e+03 6.188282226562500000e+03
6.188768180513166044e+03 6.188328613281250000e+03
6.188816834203983490e+03 6.188375000000000000e+03
6.188865512075899460e+03 6.188421875000000000e+03
6.188914214149354848e+03 6.188467773437500000e+03
6.188962940444795095e+03 6.188514648437500000e+03
6.189011690982668370e+03 6.188561523437500000e+03
6.189060465783420113e+03 6.188607910156250000e+03
6.189109264867503043e+03 6.188654785156250000e+03
6.189158088255369876e+03 6.188701171875000000e+03
6.189206935967471509e+03 6.188748046875000000e+03
6.189255808024264297e+03 6.188794433593750000e+03
6.189304704446207325e+03 6.188840820312500000e+03
6.189353625253757855e+03 6.188887695312500000e+03
6.189402570467379519e+03 6.188934082031250000e+03
6.189451540107535948e+03 6.188980957031250000e+03
6.189500534194687134e+03 6.189027832031250000e+03
6.189549552749303075e+03 6.189074218750000000e+03
6.189598595791849220e+03 6.189121093750000000e+03
6.189647663342801025e+03 6.189167480468750000e+03
6.189696755422625756e+03 6.189214355468750000e+03
6.189745872051798870e+03 6.189261718750000000e+03
6.189795013250796728e+03 6.189308105468750000e+03
6.189844179040093877e+03 6.189354980468750000e+03
6.189893369440174865e+03 6.189401855468750000e+03
6.189942584471516966e+03 6.189448242187500000e+03
6.189991824154602909e+03 6.189495117187500000e+03
6.190041088509919973e+03 6.189541992187500000e+03
6.190090377557954525e+03 6.189588867187500000e+03
6.190139691319192025e+03 6.189635742187500000e+03
6.190189029814127025e+03 6.189682617187500000e+03
6.190238393063247713e+03 6.189729492187500000e+03
6.190287781087050462e+03 6.189775878906250000e+03
6.190337193906031644e+03 6.189823242187500000e+03
6.190386631540687631e+03 6.189870117187500000e+03
6.190436094011518435e+03 6.189916992187500000e+03
6.190485581339026794e+03 6.189963378906250000e+03
6.190535093543713629e+03 6.190010742187500000e+03
6.190584630646084406e+03 6.190057617187500000e+03
6.190634192666648232e+03 6.190104492187500000e+03
6.190683779625911484e+03 6.190151367187500000e+03
6.190733391544388724e+03 6.190198730468750000e+03
6.190783028442586328e+03 6.190245605468750000e+03
6.190832690341025227e+03 6.190292480468750000e+03
6.190882377260219982e+03 6.190339355468750000e+03
6.190932089220684247e+03 6.190386718750000000e+03
6.190981826242943498e+03 6.190433593750000000e+03
6.191031588347516845e+03 6.190480468750000000e+03
6.191081375554929764e+03 6.190527832031250000e+03
6.191131187885705913e+03 6.190574707031250000e+03
6.191181025360374406e+03 6.190621582031250000e+03
6.191230887999465267e+03 6.190668945312500000e+03
6.191280775823507611e+03 6.190715820312500000e+03
6.191330688853036008e+03 6.190762695312500000e+03
6.191380627108585941e+03 6.190810058593750000e+03
6.191430590610692889e+03 6.190856933593750000e+03
6.191480579379895062e+03 6.190904296875000000e+03
6.191530593436737036e+03 6.190951660156250000e+03
6.191580632801757929e+03 6.190998535156250000e+03
6.191630697495504137e+03 6.191045898437500000e+03
6.191680787538520235e+03 6.191092773437500000e+03
6.191730902951354437e+03 6.191140136718750000e+03
6.191781043754558596e+03 6.191187500000000000e+03
6.191831209968684561e+03 6.191234375000000000e+03
6.191881401614285096e+03 6.191281250000000000e+03
6.191931618711916599e+03 6.191328613281250000e+03
6.191981861282136379e+03 6.191375976562500000e+03
6.192032129345506291e+03 6.191423339843750000e+03
6.192082422922586375e+03 6.191470214843750000e+03
6.192132742033940303e+03 6.191517578125000000e+03
6.192183086700129934e+03 6.191564941406250000e+03
6.192233456941728946e+03 6.191611816406250000e+03
6.192283852779302833e+03 6.191659179687500000e+03
6.192334274233423457e+03 6.191707031250000000e+03
6.192384721324663587e+03 6.191753906250000000e+03
6.192435194073595085e+03 6.191801269531250000e+03
6.192485692500802543e+03 6.191848632812500000e+03
6.192536216626857822e+03 6.191895507812500000e+03
6.192586766472343697e+03 6.191943359375000000e+03
6.192637342057844762e+03 6.191990234375000000e+03
6.192687943403942882e+03 6.192037597656250000e+03
6.192738570531227197e+03 6.192085449218750000e+03
6.192789223460281391e+03 6.192132324218750000e+03
6.192839902211702793e+03 6.192179687500000000e+03
6.192890606806077813e+03 6.192227050781250000e+03
6.192941337264002868e+03 6.192274414062500000e+03
6.192992093606072558e+03 6.192322265625000000e+03
6.193042875852887846e+03 6.192369628906250000e+03
6.193093684025048788e+03 6.192416992187500000e+03
6.193144518143151799e+03 6.192464355468750000e+03
6.193195378227807851e+03 6.192511718750000000e+03
6.193246264299618815e+03 6.192559082031250000e+03
6.193297176379195662e+03 6.192606445312500000e+03
6.193348114487142084e+03 6.192653808593750000e+03
6.193399078644076326e+03 6.192701171875000000e+03
6.193450068870610266e+03 6.192749023437500000e+03
6.193501085187354875e+03 6.192796386718750000e+03
6.193552127614933852e+03 6.192843750000000000e+03
6.193603196173962715e+03 6.192891113281250000e+03
6.193654290885066075e+03 6.192938964843750000e+03
6.193705411768864906e+03 6.192986328125000000e+03
6.193756558845985637e+03 6.193033691406250000e+03
6.193807732137056519e+03 6.193081054687500000e+03
6.193858931662703981e+03 6.193128906250000000e+03
6.193910157443562639e+03 6.193176269531250000e+03
6.193961409500262562e+03 6.193223632812500000e+03
6.194012687853442912e+03 6.193271484375000000e+03
6.194063992523737397e+03 6.193318847656250000e+03
6.194115323531785180e+03 6.193366210937500000e+03
6.194166680898229970e+03 6.193414062500000000e+03
6.194218064643713660e+03 6.193461914062500000e+03
6.194269474788879052e+03 6.193509277343750000e+03
6.194320911354377131e+03 6.193556640625000000e+03
6.194372374360857975e+03 6.193604492187500000e+03
6.194423863828967114e+03 6.193651855468750000e+03
6.194475379779359173e+03 6.193699707031250000e+03
6.194526922232691504e+03 6.193747070312500000e+03
6.194578491209622371e+03 6.193794921875000000e+03
6.194630086730806397e+03 6.193842285156250000e+03
6.194681708816904575e+03 6.193890136718750000e+03
6.194733357488586080e+03 6.193937500000000000e+03
6.194785032766509175e+03 6.193985351562500000e+03
6.194836734671343947e+03 6.194033203125000000e+03
6.194888463223758663e+03 6.194081054687500000e+03
6.194940218444426137e+03 6.194128417968750000e+03
6.194992000354015545e+03 6.194176269531250000e+03
6.195043808973201521e+03 6.194223632812500000e+03
6.195095644322669614e+03 6.194271484375000000e+03
6.195147506423091727e+03 6.194318847656250000e+03
6.195199395295147951e+03 6.194366699218750000e+03
6.195251310959522925e+03 6.194414550781250000e+03
6.195303253436904015e+03 6.194461914062500000e+03
6.195355222747975859e+03 6.194509765625000000e+03
6.195407218913428551e+03 6.194557617187500000e+03
6.195459241953952187e+03 6.194605468750000000e+03
6.195511291890241409e+03 6.194652832031250000e+03
6.195563368742989951e+03 6.194700683593750000e+03
6.195615472532894273e+03 6.194748046875000000e+03
6.195667603280657204e+03 6.194795898437500000e+03
6.195719761006977023e+03 6.194843750000000000e+03
6.195771945732556560e+03 6.194891601562500000e+03
6.195824157478103189e+03 6.194939453125000000e+03
6.195876396264321556e+03 6.194987304687500000e+03
6.195928662111924496e+03 6.195035156250000000e+03
6.195980955041621201e+03 6.195083007812500000e+03
6.196033275074126323e+03 6.195130371093750000e+03
6.196085622230152694e+03 6.195178222656250000e+03
6.196137996530420423e+03 6.195226562500000000e+03
6.196190397995648709e+03 6.195273925781250000e+03
6.196242826646559479e+03 6.195321777343750000e+03
6.196295282503874660e+03 6.195369628906250000e+03
6.196347765588321636e+03 6.195417480468750000e+03
6.196400275920626882e+03 6.195465332031250000e+03
6.196452813521521421e+03 6.195512695312500000e+03
6.196505378411738093e+03 6.195561035156250000e+03
6.196557970612007011e+03 6.195608886718750000e+03
6.196610590143068293e+03 6.195656250000000000e+03
6.196663237025658418e+03 6.195704101562500000e+03
6.196715911280517503e+03 6.195752441406250000e+03
6.196768612928385664e+03 6.195800292968750000e+03
6.196821341990011206e+03 6.195848144531250000e+03
6.196874098486138791e+03 6.195895996093750000e+03
6.196926882437515815e+03 6.195943359375000000e+03
6.196979693864892397e+03 6.195991210937500000e+03
6.197032532789023207e+03 6.196039550781250000e+03
6.197085399230662006e+03 6.196087402343750000e+03
6.197138293210563461e+03 6.196135253906250000e+03
6.197191214749490427e+03 6.196183105468750000e+03
6.197244163868201213e+03 6.196230957031250000e+03
6.197297140587459580e+03 6.196279296875000000e+03
6.197350144928025657e+03 6.196326660156250000e+03
6.197403176910674119e+03 6.196375000000000000e+03
6.197456236556173280e+03 6.196422363281250000e+03
6.197509323885290542e+03 6.196470214843750000e+03
6.197562438918797852e+03 6.196518554687500000e+03
6.197615581677477167e+03 6.196566406250000000e+03
6.197668752182101343e+03 6.196614257812500000e+03
6.197721950453450518e+03 6.196662109375000000e+03
6.197775176512308462e+03 6.196709960937500000e+03
6.197828430379458950e+03 6.196758300781250000e+03
6.197881712075685755e+03 6.196806152343750000e+03
6.197935021621777196e+03 6.196854003906250000e+03
6.197988359038527051e+03 6.196901855468750000e+03
6.198041724346722731e+03 6.196949218750000000e+03
6.198095117567163470e+03 6.196997558593750000e+03
6.198148538720640317e+03 6.197045410156250000e+03
6.198201987827956145e+03 6.197093750000000000e+03
6.198255464909910188e+03 6.197141113281250000e+03
6.198308969987305318e+03 6.197189453125000000e+03
6.198362503080948045e+03 6.197237304687500000e+03
6.198416064211644880e+03 6.197285156250000000e+03
6.198469653400202333e+03 6.197333496093750000e+03
6.198523270667436009e+03 6.197381347656250000e+03
6.198576916034156056e+03 6.197429199218750000e+03
6.198630589521179900e+03 6.197477050781250000e+03
6.198684291149325873e+03 6.197524902343750000e+03
6.198738020939410490e+03 6.197572753906250000e+03
6.198791778912259360e+03 6.197621093750000000e+03
6.198845565088697185e+03 6.197668945312500000e+03
6.198899379489545026e+03 6.197716796875000000e+03
6.198953222135636679e+03 6.197764648437500000e+03
6.199007093047801391e+03 6.197812988281250000e+03
6.199060992246872047e+03 6.197860839843750000e+03
6.199114919753680624e+03 6.197908691406250000e+03
6.199168875589067284e+03 6.197957031250000000e+03
6.199222859773872187e+03 6.198004394531250000e+03
6.199276872328932768e+03 6.198052734375000000e+03
6.199330913275095554e+03 6.198100585937500000e+03
6.199384982633206164e+03 6.198148437500000000e+03
6.199439080424112035e+03 6.198196289062500000e+03
6.199493206668660605e+03 6.198244628906250000e+03
6.199547361387707497e+03 6.198292480468750000e+03
6.199601544602105605e+03 6.198340820312500000e+03
6.199655756332709643e+03 6.198388671875000000e+03
6.199709996600382510e+03 6.198436523437500000e+03
6.199764265425980739e+03 6.198484375000000000e+03
6.199818562830370865e+03 6.198532226562500000e+03
6.199872888834416699e+03 6.198580566406250000e+03
6.199927243458982957e+03 6.198628417968750000e+03
6.199981626724943453e+03 6.198676269531250000e+03
6.200036038653165633e+03 6.198724609375000000e+03
6.200090479264527858e+03 6.198772460937500000e+03
6.200144948579902120e+03 6.198820312500000000e+03
6.200199446620170420e+03 6.198868164062500000e+03
6.200253973406209298e+03 6.198916503906250000e+03
6.200308528958903480e+03 6.198964355468750000e+03
6.200363113299137694e+03 6.199012695312500000e+03
6.200417726447798486e+03 6.199060546875000000e+03
6.200472368425777859e+03 6.199107910156250000e+03
6.200527039253961448e+03 6.199156250000000000e+03
6.200581738953248532e+03 6.199204101562500000e+03
6.200636467544528386e+03 6.199251953125000000e+03
6.200691225048706656e+03 6.199300292968750000e+03
6.200746011486679890e+03 6.199348144531250000e+03
6.200800826879351007e+03 6.199395996093750000e+03
6.200855671247622922e+03 6.199443847656250000e+03
6.200910544612403100e+03 6.199492187500000000e+03
6.200965446994603553e+03 6.199540039062500000e+03
6.201020378415131745e+03 6.199587890625000000e+03
6.201075338894903325e+03 6.199635742187500000e+03
6.201130328454832124e+03 6.199684082031250000e+03
6.201185347115838340e+03 6.199731933593750000e+03
6.201240394898840350e+03 6.199779785156250000e+03
6.201295471824760170e+03 6.199827636718750000e+03
6.201350577914525275e+03 6.199875976562500000e+03
6.201405713189060407e+03 6.199923828125000000e+03
6.201460877669293041e+03 6.199971679687500000e+03
6.201516071376156106e+03 6.200019531250000000e+03
6.201571294330585260e+03 6.200067382812500000e+03
6.201626546553512526e+03 6.200115722656250000e+03
6.201681828065878108e+03 6.200163574218750000e+03
6.201737138888621303e+03 6.200211425781250000e+03
6.201792479042684135e+03 6.200259277343750000e+03
6.201847848549013179e+03 6.200307128906250000e+03
6.201903247428554096e+03 6.200355468750000000e+03
6.201958675702256187e+03 6.200402832031250000e+03
6.202014133391071482e+03 6.200451171875000000e+03
6.202069620515953829e+03 6.200499023437500000e+03
6.202125137097857078e+03 6.200546875000000000e+03
6.202180683157739622e+03 6.200594726562500000e+03
6.202236258716566226e+03 6.200643066406250000e+03
6.202291863795294375e+03 6.200690917968750000e+03
6.202347498414891561e+03 6.200738769531250000e+03
6.202403162596326183e+03 6.200786621093750000e+03
6.202458856360564823e+03 6.200834472656250000e+03
6.202514579728580429e+03 6.200882324218750000e+03
6.202570332721349587e+03 6.200930175781250000e+03
6.202626115359845244e+03 6.200978027343750000e+03
6.202681927665047624e+03 6.201026367187500000e+03
6.202737769657935132e+03 6.201073730468750000e+03
6.202793641359495268e+03 6.201121582031250000e+03
6.202849542790710984e+03 6.201169921875000000e+03
6.202905473972570690e+03 6.201217285156250000e+03
6.202961434926061884e+03 6.201265625000000000e+03
6.203017425672179343e+03 6.201313476562500000e+03
6.203073446231917842e+03 6.201360839843750000e+03
6.203129496626271248e+03 6.201408691406250000e+03
6.203185576876245250e+03 6.201457031250000000e+03
6.203241687002835533e+03 6.201504882812500000e+03
6.203297827027045969e+03 6.201552734375000000e+03
6.203353996969884975e+03 6.201600585937500000e+03
6.203410196852360968e+03 6.201647949218750000e+03
6.203466426695483278e+03 6.201695800781250000e+03
6.203522686520263051e+03 6.201743652343750000e+03
6.203578976347718708e+03 6.201791992187500000e+03
6.203635296198867763e+03 6.201839355468750000e+03
6.203691646094729549e+03 6.201887207031250000e+03
6.203748026056325216e+03 6.201935058593750000e+03
6.203804436104677734e+03 6.201982421875000000e+03
6.203860876260818259e+03 6.202030761718750000e+03
6.203917346545773398e+03 6.202078613281250000e+03
6.203973846980573398e+03 6.202125976562500000e+03
6.204030377586254872e+03 6.202173828125000000e+03
6.204086938383853521e+03 6.202221679687500000e+03
6.204143529394405959e+03 6.202269531250000000e+03
6.204200150638951527e+03 6.202317382812500000e+03
6.204256802138538660e+03 6.202365234375000000e+03
6.204313483914209428e+03 6.202412597656250000e+03
6.204370195987010447e+03 6.202460449218750000e+03
6.204426938377993793e+03 6.202507812500000000e+03
6.204483711108212447e+03 6.202556152343750000e+03
6.204540514198720302e+03 6.202603515625000000e+03
6.204597347670571253e+03 6.202650878906250000e+03
6.204654211544831014e+03 6.202699218750000000e+03
6.204711105842555298e+03 6.202746582031250000e+03
6.204768030584814369e+03 6.202794433593750000e+03
6.204824985792668485e+03 6.202842285156250000e+03
6.204881971487190640e+03 6.202889648437500000e+03
6.204938987689451096e+03 6.202937500000000000e+03
6.204996034420522847e+03 6.202984863281250000e+03
