1.000000e-10
1.238863e-10
1.534781e-10
1.901384e-10
2.355554e-10
2.918208e-10
3.615260e-10
4.478812e-10
5.548634e-10
6.873996e-10
8.515939e-10
1.055008e-09
1.307010e-09
1.619207e-09
2.005975e-09
2.485128e-09
3.078733e-09
3.814129e-09
4.725183e-09
5.853854e-09
7.252122e-09
8.984385e-09
1.113042e-08
1.378907e-08
1.708276e-08
2.116320e-08
2.621831e-08
3.248089e-08
4.023937e-08
4.985106e-08
6.175863e-08
7.651048e-08
9.478600e-08
1.174269e-07
1.454758e-07
1.802246e-07
2.232735e-07
2.766053e-07
3.426760e-07
4.245286e-07
5.259328e-07
6.515586e-07
8.071918e-07
1.000000e-06
1.238863e-06
1.534781e-06
1.901384e-06
2.355554e-06
2.918208e-06
3.615260e-06
4.478812e-06
5.548634e-06
6.873996e-06
8.515939e-06
1.055008e-05
1.307010e-05
1.619207e-05
2.005975e-05
2.485128e-05
3.078733e-05
3.814129e-05
4.725183e-05
5.853854e-05
7.252122e-05
8.984385e-05
1.113042e-04
1.378907e-04
1.708276e-04
2.116320e-04
2.621831e-04
3.248089e-04
4.023937e-04
4.985106e-04
6.175863e-04
7.651048e-04
9.478600e-04
1.174269e-03
1.454758e-03
1.802246e-03
2.232735e-03
2.766053e-03
3.426760e-03
4.245286e-03
5.259328e-03
6.515586e-03
8.071918e-03
1.000000e-02
1.238863e-02
1.534781e-02
1.901384e-02
2.355554e-02
2.918208e-02
3.615260e-02
4.478812e-02
5.548634e-02
6.873996e-02
8.515939e-02
1.055008e-01
1.307010e-01
1.619207e-01
2.005975e-01
2.485128e-01
3.078733e-01
3.814129e-01
4.725183e-01
5.853854e-01
7.252122e-01
8.984385e-01
1.113042e+00
1.378907e+00
1.708276e+00
2.116320e+00
2.621831e+00
3.248089e+00
4.023937e+00
4.985106e+00
6.175863e+00
7.651048e+00
9.478600e+00
1.174269e+01
1.454758e+01
1.802246e+01
2.232735e+01
2.766053e+01
3.426760e+01
4.245286e+01
5.259328e+01
6.515586e+01
8.071918e+01
1.000000e+02
