6.149265625000000000e+03 1.999547668365016240e-02
6.149295898437500000e+03 2.513357528383268827e-02
6.149325195312500000e+03 2.981442724687858453e-02
6.149355468750000000e+03 3.559234755966680930e-02
6.149385253906250000e+03 3.985320988265494274e-02
6.149414550781250000e+03 4.448643971839191108e-02
6.149444824218750000e+03 4.830551207259033836e-02
6.149474609375000000e+03 5.051085278435574893e-02
6.149504882812500000e+03 5.209139601368246303e-02
6.149534179687500000e+03 5.348150107950051801e-02
6.149563964843750000e+03 5.217912811669566525e-02
6.149594238281250000e+03 5.201853725610835338e-02
6.149624023437500000e+03 5.016015081372961898e-02
6.149654296875000000e+03 4.974214527839760508e-02
6.149684082031250000e+03 4.926721755291726956e-02
6.149714355468750000e+03 4.998340345788766098e-02
6.149744140625000000e+03 5.085189113879536732e-02
6.149773925781250000e+03 5.334660442451928664e-02
6.149803710937500000e+03 5.595208767831728186e-02
6.149833984375000000e+03 5.917028329335319997e-02
6.149863769531250000e+03 6.314850571292238146e-02
6.149894042968750000e+03 6.603879075788249287e-02
6.149924316406250000e+03 6.906709767601691696e-02
6.149954589843750000e+03 7.106275342762359559e-02
6.149984375000000000e+03 7.165672230299520440e-02
6.150014648437500000e+03 7.130902562966369429e-02
6.150044921875000000e+03 7.121842066273496863e-02
6.150074707031250000e+03 6.954400229235295494e-02
6.150104980468750000e+03 6.686506063401344291e-02
6.150134765625000000e+03 6.315791148939822741e-02
6.150165527343750000e+03 5.893644110238731998e-02
6.150195312500000000e+03 5.425389804028468016e-02
6.150225585937500000e+03 4.854794233682845767e-02
6.150255859375000000e+03 4.465750246988527128e-02
6.150286132812500000e+03 4.137260530657686092e-02
6.150316406250000000e+03 3.908829784579801597e-02
6.150346679687500000e+03 3.842699626176448308e-02
6.150376953125000000e+03 3.748820060664009857e-02
6.150407226562500000e+03 3.670241721563757831e-02
6.150437500000000000e+03 3.587172008755296765e-02
6.150467773437500000e+03 3.590584349338660913e-02
6.150498046875000000e+03 3.604071240509310742e-02
6.150528808593750000e+03 3.656880118622964082e-02
6.150559082031250000e+03 3.696274022513931778e-02
6.150589355468750000e+03 3.545509930352472305e-02
6.150619628906250000e+03 3.473561821210396222e-02
6.150650390625000000e+03 3.394677936966260939e-02
6.150680664062500000e+03 3.501286512587770128e-02
6.150710937500000000e+03 3.686546325376985345e-02
6.150741210937500000e+03 4.009298508119530507e-02
6.150771972656250000e+03 4.317852217315139296e-02
6.150802734375000000e+03 4.679367201410356697e-02
6.150833007812500000e+03 4.740667676857322765e-02
6.150863281250000000e+03 4.372085034945048798e-02
6.150894042968750000e+03 4.542950464311814457e-02
6.150924316406250000e+03 5.006531208416804823e-02
6.150955078125000000e+03 5.023285447512127605e-02
6.150985839843750000e+03 4.956137069738025813e-02
6.151016601562500000e+03 4.814411425766570995e-02
6.151046875000000000e+03 4.728198997165603684e-02
6.151077636718750000e+03 4.497219179287397645e-02
6.151107910156250000e+03 4.182178014849121522e-02
6.151138671875000000e+03 3.953754183529089444e-02
6.151169433593750000e+03 3.614476042058890198e-02
6.151200195312500000e+03 3.225623037367578161e-02
6.151230957031250000e+03 2.773347355497487315e-02
6.151261230468750000e+03 2.355320442201339071e-02
6.151291992187500000e+03 1.861600482411549656e-02
6.151322753906250000e+03 1.401128537880639603e-02
6.151353515625000000e+03 1.034910527158787973e-02
6.151384277343750000e+03 7.573819878885158959e-03
6.151415039062500000e+03 5.371173353071048012e-03
6.151445800781250000e+03 5.176936093462858150e-03
6.151476562500000000e+03 7.652941948967972689e-03
6.151507812500000000e+03 1.065000536342281673e-02
6.151538574218750000e+03 1.487179898394663975e-02
6.151569335937500000e+03 1.966393548509395503e-02
6.151600585937500000e+03 2.360903668216368656e-02
6.151631347656250000e+03 2.755583702337162724e-02
6.151662109375000000e+03 3.201877998650538154e-02
6.151692871093750000e+03 3.493237210814376104e-02
6.151724121093750000e+03 3.835449884720355807e-02
6.151754882812500000e+03 4.056474415814212420e-02
6.151785644531250000e+03 4.207986946175334281e-02
6.151816406250000000e+03 4.380535076870008954e-02
6.151847656250000000e+03 4.463732242747377177e-02
6.151878906250000000e+03 4.433397276354120176e-02
6.151909667968750000e+03 4.380250864523326654e-02
6.151940917968750000e+03 4.072239611485588967e-02
6.151971679687500000e+03 3.654084343912223504e-02
6.152002929687500000e+03 3.272310814141368707e-02
6.152034179687500000e+03 2.871450017988896181e-02
6.152064941406250000e+03 2.513667522740292010e-02
6.152095703125000000e+03 2.416617519395093325e-02
6.152127441406250000e+03 2.399166392103351322e-02
6.152158203125000000e+03 2.467553341686175988e-02
6.152189453125000000e+03 2.471377878590532221e-02
6.152220703125000000e+03 2.403606607311105023e-02
6.152251953125000000e+03 2.290609286336535780e-02
6.152282714843750000e+03 2.130042613001273746e-02
6.152314453125000000e+03 2.036157506794223152e-02
6.152345703125000000e+03 1.969359549046321989e-02
6.152376464843750000e+03 2.064604171126478357e-02
6.152408203125000000e+03 2.156422517124648511e-02
6.152438964843750000e+03 2.375953200598102111e-02
6.152470703125000000e+03 2.568881067913628830e-02
6.152501953125000000e+03 2.711813131960391296e-02
6.152532714843750000e+03 2.979405688416612852e-02
6.152564453125000000e+03 3.133633758188102830e-02
6.152595703125000000e+03 3.273603983621978936e-02
6.152626953125000000e+03 3.270923823198645941e-02
6.152658203125000000e+03 3.306542578826606599e-02
6.152689941406250000e+03 3.274757491522203856e-02
6.152721191406250000e+03 3.375336327646322881e-02
6.152752929687500000e+03 3.464622297663039890e-02
6.152784179687500000e+03 3.571689771830736243e-02
6.152815429687500000e+03 3.561593898260816821e-02
6.152846679687500000e+03 3.556091969577059725e-02
6.152878417968750000e+03 3.551671850736626973e-02
6.152910156250000000e+03 3.487893507034148244e-02
6.152941406250000000e+03 3.301042589009901829e-02
6.152973144531250000e+03 2.957975563555803947e-02
6.153004394531250000e+03 2.592369412486587171e-02
6.153036132812500000e+03 2.344740751431018469e-02
6.153067871093750000e+03 1.995549161090611964e-02
6.153099121093750000e+03 1.791896462193815973e-02
6.153130859375000000e+03 1.919934678570433748e-02
6.153162597656250000e+03 2.361653004419497423e-02
6.153193847656250000e+03 2.954263824319197998e-02
6.153225585937500000e+03 3.612781203027018440e-02
6.153257324218750000e+03 4.262127519938278819e-02
6.153289062500000000e+03 4.833738717202866464e-02
6.153320312500000000e+03 5.280916348385718967e-02
6.153352050781250000e+03 5.580136046943174472e-02
6.153384277343750000e+03 5.751173021040864586e-02
6.153416015625000000e+03 5.795703655509422403e-02
6.153447265625000000e+03 5.724959973490251902e-02
6.153479003906250000e+03 5.499227857309035156e-02
6.153510742187500000e+03 5.175036426554178309e-02
6.153542968750000000e+03 4.828913441125972511e-02
6.153574707031250000e+03 4.447732712322510773e-02
6.153606445312500000e+03 3.991666194760795650e-02
6.153638671875000000e+03 3.585304349232354415e-02
6.153669921875000000e+03 3.197268747313528059e-02
6.153701660156250000e+03 2.770512458184285626e-02
6.153733886718750000e+03 2.397779345128448272e-02
6.153765625000000000e+03 2.102659697688302048e-02
6.153797363281250000e+03 1.902697595453604895e-02
6.153829589843750000e+03 1.872485744978710440e-02
6.153861328125000000e+03 1.805247467121219238e-02
6.153893554687500000e+03 1.740514065731814039e-02
6.153925292968750000e+03 1.808912965253736335e-02
6.153957519531250000e+03 2.092911191034846005e-02
6.153989257812500000e+03 2.592821230400916763e-02
6.154021484375000000e+03 3.214685015617309294e-02
6.154053222656250000e+03 3.850587438626280196e-02
6.154085449218750000e+03 4.484088287999252187e-02
6.154117675781250000e+03 5.011219755876210324e-02
6.154149902343750000e+03 5.349001320838647766e-02
6.154181640625000000e+03 5.492299780085565380e-02
6.154213867187500000e+03 5.544201762240387465e-02
6.154246093750000000e+03 5.606536195510230386e-02
6.154277832031250000e+03 5.676241452360357431e-02
6.154310058593750000e+03 5.877545648206104756e-02
6.154342773437500000e+03 6.153314771439274966e-02
6.154374511718750000e+03 6.426901570694226740e-02
6.154406738281250000e+03 6.640310391042338056e-02
6.154438964843750000e+03 6.747212980465472354e-02
6.154471679687500000e+03 6.722154816108748265e-02
6.154503417968750000e+03 6.552257638632921766e-02
6.154535644531250000e+03 6.274036293475693249e-02
6.154567871093750000e+03 5.939235443473914883e-02
6.154600585937500000e+03 5.608665860828269262e-02
6.154632812500000000e+03 5.357413685493053745e-02
6.154665039062500000e+03 5.272334769616529582e-02
6.154697265625000000e+03 5.418036716263387176e-02
6.154729492187500000e+03 5.768550723532125252e-02
6.154761718750000000e+03 6.256377479140709519e-02
6.154794433593750000e+03 6.779493059575329716e-02
6.154826660156250000e+03 7.263419060191743382e-02
6.154859375000000000e+03 7.708301741672213270e-02
6.154891601562500000e+03 8.148791892971114781e-02
6.154924316406250000e+03 8.512708782708233723e-02
6.154956542968750000e+03 8.710904938037422607e-02
6.154989257812500000e+03 8.695750669209713346e-02
6.155021484375000000e+03 8.558205568300819577e-02
6.155054199218750000e+03 8.356279106257720468e-02
6.155086425781250000e+03 8.045645414206215040e-02
6.155119140625000000e+03 7.571179322118512522e-02
6.155151367187500000e+03 6.975895021489725289e-02
6.155184082031250000e+03 6.367049286237420891e-02
6.155217285156250000e+03 5.793827408379797345e-02
6.155249511718750000e+03 5.369627183495023770e-02
6.155282226562500000e+03 5.091624665115654369e-02
6.155314453125000000e+03 5.062946510083744106e-02
6.155347167968750000e+03 5.107679265379283517e-02
6.155379882812500000e+03 5.048069086612039236e-02
6.155412597656250000e+03 4.931658925905308549e-02
6.155445312500000000e+03 4.754383716377523494e-02
6.155478027343750000e+03 4.665327790076941039e-02
6.155510742187500000e+03 4.727726404306025615e-02
6.155543457031250000e+03 4.901708225896186238e-02
6.155576171875000000e+03 5.150065243747918575e-02
6.155608886718750000e+03 5.380793616579333111e-02
6.155642089843750000e+03 5.496679916724134946e-02
6.155674804687500000e+03 5.426484824036930527e-02
6.155707519531250000e+03 5.220471933053559555e-02
6.155740234375000000e+03 4.960504652541109644e-02
6.155772949218750000e+03 4.736505980780556652e-02
6.155806152343750000e+03 4.650997434771762112e-02
6.155838867187500000e+03 4.785058997262719993e-02
6.155872070312500000e+03 4.952104124063219648e-02
6.155904785156250000e+03 5.054258316989232447e-02
6.155937988281250000e+03 5.036356609525440703e-02
6.155970703125000000e+03 4.868797767617841915e-02
6.156003906250000000e+03 4.640211985947464979e-02
6.156036621093750000e+03 4.466675206373042772e-02
6.156069824218750000e+03 4.469300944693420374e-02
6.156102539062500000e+03 4.734755730080987546e-02
6.156135742187500000e+03 5.242090420799069839e-02
6.156168457031250000e+03 5.761407721671801124e-02
6.156201660156250000e+03 6.159508343295301558e-02
6.156234863281250000e+03 6.442621288290630022e-02
6.156267578125000000e+03 6.570673949972950789e-02
6.156300781250000000e+03 6.466573469613759451e-02
6.156334472656250000e+03 6.263260747879310919e-02
6.156367187500000000e+03 6.058422050080325416e-02
6.156400390625000000e+03 5.788324614279648922e-02
6.156433593750000000e+03 5.578519294602998085e-02
6.156466308593750000e+03 5.333915700744663174e-02
6.156500000000000000e+03 5.077027485743054042e-02
6.156533203125000000e+03 4.771792964309073959e-02
6.156566406250000000e+03 4.359702293869033296e-02
6.156599609375000000e+03 3.867585554908089390e-02
6.156632812500000000e+03 3.363993562654508940e-02
6.156666015625000000e+03 2.965185304249368103e-02
6.156699218750000000e+03 2.861502454548420227e-02
6.156732910156250000e+03 3.179402406465031694e-02
6.156766113281250000e+03 3.776505954010875299e-02
6.156799316406250000e+03 4.483606928458595126e-02
6.156833007812500000e+03 5.201774247193605843e-02
6.156866210937500000e+03 5.878499685170104211e-02
6.156899414062500000e+03 6.463700497578805937e-02
6.156932617187500000e+03 6.896634721555042202e-02
6.156966308593750000e+03 7.230295714244314165e-02
6.156999511718750000e+03 7.380824295122402623e-02
6.157033203125000000e+03 7.417461105077598205e-02
6.157066406250000000e+03 7.452431970535518257e-02
6.157100097656250000e+03 7.554885918797762945e-02
6.157133300781250000e+03 7.643395597082991433e-02
6.157166992187500000e+03 7.657770753069066683e-02
6.157200683593750000e+03 7.649984922010177879e-02
6.157234375000000000e+03 7.695822924514358898e-02
6.157268066406250000e+03 7.692392260725572362e-02
6.157301757812500000e+03 7.633226542007970350e-02
6.157334960937500000e+03 7.618007422380658478e-02
6.157368652343750000e+03 7.505450283769798947e-02
6.157402343750000000e+03 7.417858660874337984e-02
6.157435546875000000e+03 7.251405805185361098e-02
6.157469726562500000e+03 6.997398612828088782e-02
6.157503417968750000e+03 6.689552756798532174e-02
6.157537109375000000e+03 6.330342340783513821e-02
6.157570312500000000e+03 5.899193938172526963e-02
6.157604492187500000e+03 5.345175039005933132e-02
6.157638183593750000e+03 4.728736664481478225e-02
6.157671875000000000e+03 4.127838175099839135e-02
6.157705566406250000e+03 3.466048741464075600e-02
6.157739746093750000e+03 2.792746003665532925e-02
6.157773437500000000e+03 2.166223503681920584e-02
6.157807128906250000e+03 1.733158865158288334e-02
6.157841308593750000e+03 1.580898271870538260e-02
6.157875000000000000e+03 1.687406274283694690e-02
6.157908691406250000e+03 2.106997062379849933e-02
6.157942871093750000e+03 2.746646439922408034e-02
6.157976562500000000e+03 3.325344099389575259e-02
6.158010742187500000e+03 3.778770901372430213e-02
6.158044433593750000e+03 4.114527826434719732e-02
6.158078613281250000e+03 4.388198304725571264e-02
6.158112304687500000e+03 4.537923637521532744e-02
6.158145996093750000e+03 4.484542940375153136e-02
6.158180175781250000e+03 4.245931754617460890e-02
6.158213867187500000e+03 3.962389296969656693e-02
6.158248535156250000e+03 3.410111042994595082e-02
6.158282714843750000e+03 2.869748698654856281e-02
6.158316406250000000e+03 2.420444750400962269e-02
6.158350585937500000e+03 2.007543998638543215e-02
6.158384277343750000e+03 1.879622992936431924e-02
6.158418945312500000e+03 2.003111617709058337e-02
6.158452636718750000e+03 2.198330345542978681e-02
6.158486816406250000e+03 2.337953698784852805e-02
6.158521484375000000e+03 2.385960670661772809e-02
6.158555175781250000e+03 2.262280544608582730e-02
6.158589355468750000e+03 2.040852662342678217e-02
6.158624023437500000e+03 1.846144544193200482e-02
6.158657714843750000e+03 1.772150448611284346e-02
6.158692382812500000e+03 1.928165596799309364e-02
6.158726562500000000e+03 2.281746983760129729e-02
6.158761230468750000e+03 2.572987788151324604e-02
6.158794921875000000e+03 2.859264769650874186e-02
6.158829589843750000e+03 3.081979580016784917e-02
6.158863769531250000e+03 3.218330394004992323e-02
6.158898437500000000e+03 3.137090498689791562e-02
6.158932128906250000e+03 2.781458017143032674e-02
6.158966796875000000e+03 2.495779012866775060e-02
6.159000976562500000e+03 2.092098133054838896e-02
6.159035644531250000e+03 1.630782868262519933e-02
6.159070312500000000e+03 1.294727731578229624e-02
6.159104492187500000e+03 8.694543171985612273e-03
6.159139160156250000e+03 4.602198752149873687e-03
6.159173339843750000e+03 2.073800215910597770e-03
6.159208007812500000e+03 2.118623610931302977e-03
6.159242187500000000e+03 4.751242468268512646e-03
6.159276855468750000e+03 8.979640437382547385e-03
6.159311523437500000e+03 1.392086468533628753e-02
6.159346191406250000e+03 1.922388101875858665e-02
6.159380859375000000e+03 2.443783721889594349e-02
6.159415039062500000e+03 2.840195071717464478e-02
6.159449707031250000e+03 3.060943907220146573e-02
6.159484375000000000e+03 3.094480975042538523e-02
6.159519042968750000e+03 3.016455148274556700e-02
6.159553710937500000e+03 2.855050509981430298e-02
6.159588378906250000e+03 2.814107955420958387e-02
6.159623046875000000e+03 3.045029065287470013e-02
6.159657714843750000e+03 3.599187100141296169e-02
6.159692871093750000e+03 4.343069875894910170e-02
6.159727539062500000e+03 5.382695751184324306e-02
6.159762207031250000e+03 6.195855695604752383e-02
6.159796875000000000e+03 6.795858514124052119e-02
6.159831542968750000e+03 7.195855734101133661e-02
6.159866699218750000e+03 7.526068011136451130e-02
6.159901367187500000e+03 7.835230126180421639e-02
6.159936523437500000e+03 8.016211753791741002e-02
6.159971191406250000e+03 8.105321886294403200e-02
6.160005859375000000e+03 8.175773339120578909e-02
6.160040527343750000e+03 8.281864505834823920e-02
6.160075683593750000e+03 8.417345801843603703e-02
6.160110839843750000e+03 8.561843868285674841e-02
6.160145507812500000e+03 8.651711051655125440e-02
6.160180664062500000e+03 8.548208353190092645e-02
6.160215820312500000e+03 8.446506864237277035e-02
6.160250488281250000e+03 8.466597563369916701e-02
6.160285644531250000e+03 8.462112012304975894e-02
6.160320800781250000e+03 8.373741514135356334e-02
6.160355957031250000e+03 8.247472822918058832e-02
6.160390625000000000e+03 8.283939181717255018e-02
6.160425781250000000e+03 8.372771884568762368e-02
6.160460937500000000e+03 8.596475095467587257e-02
6.160495605468750000e+03 8.768054289655090316e-02
6.160531250000000000e+03 8.892036386891552513e-02
6.160566406250000000e+03 8.927760455348161817e-02
6.160601562500000000e+03 8.801945524392106035e-02
6.160636718750000000e+03 8.479267040834150004e-02
6.160671875000000000e+03 8.065403088571120038e-02
6.160707031250000000e+03 7.587252706504162003e-02
6.160742675781250000e+03 7.197694527601414261e-02
6.160777343750000000e+03 6.936509120799752570e-02
6.160812988281250000e+03 7.004539518932938191e-02
6.160848144531250000e+03 7.292515184664372097e-02
6.160883789062500000e+03 7.624650084890302604e-02
6.160918457031250000e+03 7.963365193317102630e-02
6.160954101562500000e+03 8.316019221454322430e-02
6.160989257812500000e+03 8.664915513320819995e-02
6.161024902343750000e+03 8.963191961396539675e-02
6.161060546875000000e+03 9.154356272004485207e-02
6.161095703125000000e+03 9.368793338952753624e-02
6.161130859375000000e+03 9.478676759139194330e-02
6.161166015625000000e+03 9.662496949626696308e-02
6.161201660156250000e+03 9.842447255392738903e-02
6.161237304687500000e+03 9.997414578977591171e-02
6.161272460937500000e+03 1.014501726112414237e-01
6.161308105468750000e+03 1.029200766457131905e-01
6.161343750000000000e+03 1.039359435198736747e-01
6.161379394531250000e+03 1.040203660105285949e-01
6.161415039062500000e+03 1.043141075346490226e-01
6.161450683593750000e+03 1.046577981786102479e-01
6.161486328125000000e+03 1.044346056507685361e-01
6.161521484375000000e+03 1.030602944891925166e-01
6.161557128906250000e+03 1.002584579462510728e-01
6.161592773437500000e+03 9.649312471087835574e-02
6.161628906250000000e+03 9.246952767330339495e-02
6.161664550781250000e+03 8.894721632756232010e-02
6.161699707031250000e+03 8.647446703280307900e-02
6.161735351562500000e+03 8.521297332006946834e-02
6.161771484375000000e+03 8.398361922331175344e-02
6.161807128906250000e+03 8.159355297437966004e-02
6.161843261718750000e+03 7.864227491974019879e-02
6.161878906250000000e+03 7.556315503346057449e-02
6.161914550781250000e+03 7.251112345889308697e-02
6.161950195312500000e+03 6.945784553011194462e-02
6.161985839843750000e+03 6.775822883226526039e-02
6.162021972656250000e+03 6.882471342789250879e-02
6.162057617187500000e+03 7.225834519080828744e-02
6.162093750000000000e+03 7.703278322121788479e-02
6.162129394531250000e+03 8.183388723364334871e-02
6.162165527343750000e+03 8.540556566157396501e-02
6.162201660156250000e+03 8.663318121085657186e-02
6.162237304687500000e+03 8.501009511444657107e-02
6.162273437500000000e+03 8.216623592840741064e-02
6.162309570312500000e+03 7.875883714745883502e-02
6.162345214843750000e+03 7.536732377969630747e-02
6.162381347656250000e+03 7.325152224891468000e-02
6.162417480468750000e+03 7.164768486623253330e-02
6.162453125000000000e+03 7.050118519229733871e-02
6.162489257812500000e+03 7.056695823186889815e-02
6.162525390625000000e+03 7.143375260243722824e-02
6.162562011718750000e+03 7.234363658183175227e-02
6.162598144531250000e+03 7.256766522032540023e-02
6.162634277343750000e+03 7.148662023114740749e-02
6.162670410156250000e+03 6.950588476378194436e-02
6.162706542968750000e+03 6.902994494176555029e-02
6.162742675781250000e+03 7.022743512898947660e-02
6.162778320312500000e+03 7.245025915040570474e-02
6.162814941406250000e+03 7.506168695616119435e-02
6.162851562500000000e+03 7.749306900112623575e-02
6.162887695312500000e+03 7.912480494231365069e-02
6.162923828125000000e+03 7.890015560000462891e-02
6.162959960937500000e+03 7.593767746750833270e-02
6.162996582031250000e+03 7.065560872270928994e-02
6.163032714843750000e+03 6.353037946306290540e-02
6.163068847656250000e+03 5.508308314177055853e-02
6.163105468750000000e+03 4.631485839958186107e-02
6.163142089843750000e+03 3.813526793794061454e-02
6.163178222656250000e+03 3.177571049281552318e-02
6.163214355468750000e+03 2.820696468435215584e-02
6.163250976562500000e+03 2.793862254289804573e-02
6.163287597656250000e+03 3.067297724338277284e-02
6.163323730468750000e+03 3.568241267447988530e-02
6.163360351562500000e+03 4.217169174327047021e-02
6.163396972656250000e+03 4.955331163055842064e-02
6.163433593750000000e+03 5.736884543761634064e-02
6.163469726562500000e+03 6.500679145238112688e-02
6.163506347656250000e+03 7.203134028965314795e-02
6.163542968750000000e+03 7.816665449545578959e-02
6.163580078125000000e+03 8.318533068001957020e-02
6.163616210937500000e+03 8.686717473735078299e-02
6.163652832031250000e+03 8.970751231451425112e-02
6.163689453125000000e+03 9.221205459201148313e-02
6.163726074218750000e+03 9.449318287934900529e-02
6.163763183593750000e+03 9.656961003079272965e-02
6.163799316406250000e+03 9.845712076548844560e-02
6.163836425781250000e+03 1.001691852001071609e-01
6.163873046875000000e+03 1.017174147977810139e-01
6.163909667968750000e+03 1.031119076637900117e-01
6.163946289062500000e+03 1.043615144151112950e-01
6.163983398437500000e+03 1.054740459196976260e-01
6.164020019531250000e+03 1.064564377482558194e-01
6.164057128906250000e+03 1.073148818862740134e-01
6.164093750000000000e+03 1.080549333333216122e-01
6.164130859375000000e+03 1.086815971917153845e-01
6.164167480468750000e+03 1.091994004179715344e-01
6.164204589843750000e+03 1.096124513862817562e-01
6.164241699218750000e+03 1.099244896682302908e-01
6.164278320312500000e+03 1.101389278836710367e-01
6.164315429687500000e+03 1.102588870675889898e-01
6.164352050781250000e+03 1.102872266879922208e-01
6.164389160156250000e+03 1.102265702132587538e-01
6.164426269531250000e+03 1.100793269446823930e-01
6.164462890625000000e+03 1.098477106874294063e-01
6.164500000000000000e+03 1.095337557207300139e-01
6.164537109375000000e+03 1.091393304385279706e-01
6.164574218750000000e+03 1.086661489595179692e-01
6.164611328125000000e+03 1.081157809463934028e-01
6.164648437500000000e+03 1.074896598250372898e-01
6.164685546875000000e+03 1.067890895528600392e-01
6.164722656250000000e+03 1.060152500495553235e-01
6.164759765625000000e+03 1.051692013715990748e-01
6.164796875000000000e+03 1.042518866824837936e-01
6.164833984375000000e+03 1.032641340427375709e-01
6.164871093750000000e+03 1.022066570160551774e-01
6.164908691406250000e+03 1.010800540591965113e-01
6.164945800781250000e+03 9.988480663241519619e-02
6.164982910156250000e+03 9.862127593262155767e-02
6.165020507812500000e+03 9.728969811151656766e-02
6.165057617187500000e+03 9.589017779338944447e-02
6.165095214843750000e+03 9.442267964935341373e-02
6.165132324218750000e+03 9.288701771282037445e-02
6.165169433593750000e+03 9.128284203003746156e-02
6.165207031250000000e+03 8.960962212277161221e-02
6.165244140625000000e+03 8.786662658837351980e-02
6.165281738281250000e+03 8.605289796231969934e-02
6.165319335937500000e+03 8.416722170117106605e-02
6.165356933593750000e+03 8.220808778256685767e-02
6.165393554687500000e+03 8.017364292354388355e-02
6.165431152343750000e+03 7.806163072962639393e-02
6.165468750000000000e+03 7.586931611430955402e-02
6.165506347656250000e+03 7.359338893157005290e-02
6.165543945312500000e+03 7.122983972096952332e-02
6.165581542968750000e+03 6.877379741620653908e-02
6.165619140625000000e+03 6.621931421576227050e-02
6.165656738281250000e+03 6.355907553542004818e-02
6.165694335937500000e+03 6.078400124829012180e-02
6.165731933593750000e+03 5.788268495212513243e-02
6.165769531250000000e+03 5.484058444514344072e-02
6.165807128906250000e+03 5.163881621666102650e-02
6.165844726562500000e+03 4.825229255648002397e-02
6.165882812500000000e+03 4.465720809498478078e-02
6.165920410156250000e+03 4.086504762924276363e-02
6.165958007812500000e+03 3.690230583550975496e-02
6.165995605468750000e+03 3.280656854417497020e-02
6.166033691406250000e+03 2.863627951802526911e-02
6.166071289062500000e+03 2.448944983450014948e-02
6.166108886718750000e+03 2.053836711190378320e-02
6.166146972656250000e+03 1.708500009964695684e-02
6.166184570312500000e+03 1.461098911515438907e-02
6.166222167968750000e+03 1.370853000900171606e-02
6.166260253906250000e+03 1.477068441518045346e-02
6.166297851562500000e+03 1.769027415729644559e-02
6.166335937500000000e+03 2.199670603789731504e-02
6.166373535156250000e+03 2.743635302853910177e-02
6.166412109375000000e+03 3.448704739841473160e-02
6.166450195312500000e+03 4.280450858473934528e-02
6.166487792968750000e+03 5.041587787348200678e-02
6.166525878906250000e+03 5.621778644798538366e-02
6.166563964843750000e+03 6.035433706966493450e-02
6.166601562500000000e+03 6.301777990385136474e-02
6.166639648437500000e+03 6.425994857792761972e-02
6.166678222656250000e+03 6.434266489616659312e-02
6.166716308593750000e+03 6.469477133115252021e-02
6.166753906250000000e+03 6.699068960406941164e-02
6.166791992187500000e+03 7.204446886723468724e-02
6.166830078125000000e+03 7.823770128852074179e-02
6.166868652343750000e+03 8.383580745516606980e-02
6.166906738281250000e+03 8.767808730982824816e-02
6.166944824218750000e+03 8.950244101827975474e-02
6.166982910156250000e+03 8.976547243250047881e-02
6.167020996093750000e+03 8.898700688738302167e-02
6.167059570312500000e+03 8.765285694075837519e-02
6.167097656250000000e+03 8.625913561294235032e-02
6.167135742187500000e+03 8.499192510377712173e-02
6.167174316406250000e+03 8.266410510493814312e-02
6.167212890625000000e+03 7.801893617043670348e-02
6.167250976562500000e+03 7.138049092457138256e-02
6.167289062500000000e+03 6.357830323094222635e-02
6.167327636718750000e+03 5.574672231592307792e-02
6.167366210937500000e+03 4.952789697587622886e-02
6.167404296875000000e+03 4.640164247316384827e-02
6.167442871093750000e+03 4.479295996946800612e-02
6.167481445312500000e+03 4.378665024463040956e-02
6.167519531250000000e+03 4.311551397885377696e-02
6.167558105468750000e+03 4.329262941578893714e-02
6.167596679687500000e+03 4.417118407505927352e-02
6.167634765625000000e+03 4.540186667104811197e-02
6.167673828125000000e+03 4.684570470944993820e-02
6.167712402343750000e+03 4.861199200424342476e-02
6.167750488281250000e+03 5.083867574158830449e-02
6.167789550781250000e+03 5.363134118489097657e-02
6.167827636718750000e+03 5.706024144328423336e-02
6.167866699218750000e+03 6.116152839231032284e-02
6.167905273437500000e+03 6.572144097901684578e-02
6.167943847656250000e+03 6.973859957673665677e-02
6.167982421875000000e+03 7.222067773484740216e-02
6.168020996093750000e+03 7.224232086885662429e-02
6.168060058593750000e+03 6.928290286873718673e-02
6.168098632812500000e+03 6.499938826855547469e-02
6.168137695312500000e+03 6.149514201236472993e-02
6.168175781250000000e+03 5.926166282741072988e-02
6.168214843750000000e+03 5.827377301580797392e-02
6.168253417968750000e+03 5.842453385852478670e-02
6.168292480468750000e+03 5.953914752873313426e-02
6.168331054687500000e+03 6.140448537467176060e-02
6.168370605468750000e+03 6.380012849294065813e-02
6.168409179687500000e+03 6.652031307302772034e-02
6.168448242187500000e+03 6.944552019663186027e-02
6.168486816406250000e+03 7.270720647108518120e-02
6.168525878906250000e+03 7.627435689375787475e-02
6.168564453125000000e+03 7.938109172304057271e-02
6.168604003906250000e+03 8.119116490736173752e-02
6.168642578125000000e+03 8.089894329595928579e-02
6.168681640625000000e+03 7.755163438079057392e-02
6.168720214843750000e+03 7.071689420937428416e-02
6.168759765625000000e+03 6.390318740359531013e-02
6.168798339843750000e+03 6.186437738327988517e-02
6.168837890625000000e+03 6.452945357714837127e-02
6.168876953125000000e+03 6.978015150390973198e-02
6.168916015625000000e+03 7.561609048179374071e-02
6.168955078125000000e+03 8.052433937327087288e-02
6.168994140625000000e+03 8.332336638417082997e-02
6.169033203125000000e+03 8.317192929719452454e-02
6.169072265625000000e+03 8.019177296775856223e-02
6.169111816406250000e+03 7.452589848082898094e-02
6.169150878906250000e+03 6.641826676279033448e-02
6.169189941406250000e+03 5.728566844743603753e-02
6.169229492187500000e+03 4.787429919813185331e-02
6.169268554687500000e+03 3.896751238669292350e-02
6.169307617187500000e+03 3.181850258882528565e-02
6.169347167968750000e+03 2.753778289416666455e-02
6.169386718750000000e+03 2.894392111329529421e-02
6.169425781250000000e+03 3.656193282519955984e-02
6.169465332031250000e+03 4.693408914499720003e-02
6.169504882812500000e+03 5.778019801021548607e-02
6.169543945312500000e+03 6.809471522611774963e-02
6.169583496093750000e+03 7.720868060238259001e-02
6.169623046875000000e+03 8.466210709960897418e-02
6.169662109375000000e+03 9.030158588605088910e-02
6.169701660156250000e+03 9.469717813136933893e-02
6.169741210937500000e+03 9.795108841508502751e-02
6.169780273437500000e+03 9.944938488809425270e-02
6.169820312500000000e+03 9.853401932417236997e-02
6.169859863281250000e+03 9.494367581758542118e-02
6.169899414062500000e+03 8.857280088830686571e-02
6.169938476562500000e+03 8.020051097710663435e-02
6.169978515625000000e+03 7.109018462112830228e-02
6.170018066406250000e+03 6.315490584987885903e-02
6.170057617187500000e+03 5.927762122080021401e-02
6.170097167968750000e+03 6.214115585401809583e-02
6.170136718750000000e+03 7.008526041064748469e-02
6.170176757812500000e+03 7.736130294737539326e-02
6.170215820312500000e+03 8.315139938720231272e-02
6.170255859375000000e+03 8.778502000818604045e-02
6.170295898437500000e+03 9.147215930474784928e-02
6.170335449218750000e+03 9.435709051051771601e-02
6.170375488281250000e+03 9.654435452331863732e-02
6.170415039062500000e+03 9.811275249444488533e-02
6.170454589843750000e+03 9.912349635514128288e-02
6.170494628906250000e+03 9.962524888950299862e-02
6.170534667968750000e+03 9.965738787118023911e-02
6.170574218750000000e+03 9.925219643151260429e-02
6.170614257812500000e+03 9.843637122568513198e-02
6.170653808593750000e+03 9.723207668953874616e-02
6.170693847656250000e+03 9.565768251222155072e-02
6.170733886718750000e+03 9.372826735555689348e-02
6.170773925781250000e+03 9.145593728436995917e-02
6.170813476562500000e+03 8.882581307254983072e-02
6.170853515625000000e+03 8.571672900262716777e-02
6.170894042968750000e+03 8.195588091021990818e-02
6.170934082031250000e+03 7.732310100462905234e-02
6.170974121093750000e+03 7.163064933619434083e-02
6.171014160156250000e+03 6.509179202448625579e-02
6.171053710937500000e+03 5.811551612826112989e-02
6.171093750000000000e+03 5.131159369257857344e-02
6.171134277343750000e+03 4.564508454935044257e-02
6.171174316406250000e+03 4.252533297583602212e-02
6.171214355468750000e+03 4.343234616943258963e-02
6.171254882812500000e+03 4.843012459051174862e-02
6.171294921875000000e+03 5.448144859495829273e-02
6.171335449218750000e+03 5.832893062346528046e-02
6.171375000000000000e+03 5.940530682985195599e-02
6.171415527343750000e+03 5.742992382581064981e-02
6.171455566406250000e+03 5.229176394181496434e-02
6.171496093750000000e+03 4.646549284711207206e-02
6.171536132812500000e+03 4.386015639330077126e-02
6.171576660156250000e+03 4.650000410585646698e-02
6.171617187500000000e+03 5.265791994423148215e-02
6.171657714843750000e+03 6.003698574714255026e-02
6.171697753906250000e+03 6.711558630505756740e-02
6.171738281250000000e+03 7.293860622405501370e-02
6.171778320312500000e+03 7.679858048129448167e-02
6.171818847656250000e+03 7.800962395149373119e-02
6.171859375000000000e+03 7.631884466165184122e-02
6.171899902343750000e+03 7.330556868512248803e-02
6.171940429687500000e+03 6.952066811698048854e-02
6.171980957031250000e+03 6.511323623140151395e-02
6.172021484375000000e+03 6.025338254119365355e-02
6.172062011718750000e+03 5.515678148815052195e-02
6.172102539062500000e+03 5.012020810110337510e-02
6.172143066406250000e+03 4.556884353187144743e-02
6.172183593750000000e+03 4.209683089843253845e-02
6.172224121093750000e+03 4.043380412755829406e-02
6.172264648437500000e+03 4.097934669480695485e-02
6.172305664062500000e+03 4.283298387983697914e-02
6.172346191406250000e+03 4.481956017870973585e-02
6.172386718750000000e+03 4.592528801273494665e-02
6.172427734375000000e+03 4.566995130218431953e-02
6.172468261718750000e+03 4.538532010304107550e-02
6.172508789062500000e+03 4.685469155477142017e-02
6.172549316406250000e+03 5.154532226603787681e-02
6.172590332031250000e+03 5.910438718474472081e-02
6.172630859375000000e+03 6.603304011898791792e-02
6.172671875000000000e+03 7.138872032276777357e-02
6.172712402343750000e+03 7.493270093716637714e-02
6.172753417968750000e+03 7.648374456726904358e-02
6.172794433593750000e+03 7.625315503766891267e-02
6.172834960937500000e+03 7.445077834506703962e-02
6.172875976562500000e+03 7.119419922233741205e-02
6.172916992187500000e+03 6.652387919940512540e-02
6.172958007812500000e+03 6.039269699596447327e-02
6.172999023437500000e+03 5.286033639801978462e-02
6.173039550781250000e+03 4.505352619898227162e-02
6.173080566406250000e+03 3.927142206500233018e-02
6.173121582031250000e+03 3.845249704452911865e-02
6.173162597656250000e+03 4.284033714682017324e-02
6.173203613281250000e+03 5.073633278564693150e-02
6.173244628906250000e+03 6.046347351446517554e-02
6.173286132812500000e+03 7.045477685280618352e-02
6.173327148437500000e+03 7.851908685408821864e-02
6.173368164062500000e+03 8.480678970153462948e-02
6.173409179687500000e+03 8.979115782245541966e-02
6.173450195312500000e+03 9.377585685029972418e-02
6.173491699218750000e+03 9.697684118239274786e-02
6.173532714843750000e+03 9.956005586912282379e-02
6.173573730468750000e+03 1.016610970799274732e-01
6.173615234375000000e+03 1.033300724548492366e-01
6.173656250000000000e+03 1.043456811813166102e-01
6.173697265625000000e+03 1.044196485938647390e-01
6.173738769531250000e+03 1.032432422344955192e-01
6.173780273437500000e+03 1.004533979888300871e-01
6.173821289062500000e+03 9.557406896748635305e-02
6.173863281250000000e+03 8.818408069931864268e-02
6.173904296875000000e+03 7.878569698645905561e-02
6.173945800781250000e+03 6.832135908864296614e-02
6.173987304687500000e+03 5.830398453043045270e-02
6.174028320312500000e+03 5.140003951374332719e-02
6.174069824218750000e+03 5.081583317195579458e-02
6.174111328125000000e+03 5.645465241117213900e-02
6.174152832031250000e+03 6.571203361678652766e-02
6.174194335937500000e+03 7.629889351766237782e-02
6.174235839843750000e+03 8.684999550732935836e-02
6.174277343750000000e+03 9.622145021209849158e-02
6.174318847656250000e+03 1.028868172592431185e-01
6.174360351562500000e+03 1.074223812521789417e-01
6.174401855468750000e+03 1.106900176536882857e-01
6.174443359375000000e+03 1.133842239403738961e-01
6.174484863281250000e+03 1.160161661458353199e-01
6.174526367187500000e+03 1.186604315139455357e-01
6.174567871093750000e+03 1.212899157776675119e-01
6.174609863281250000e+03 1.238798099528840707e-01
6.174651367187500000e+03 1.264073108660753175e-01
6.174692871093750000e+03 1.288513313869196764e-01
6.174734863281250000e+03 1.311238788355985896e-01
6.174776367187500000e+03 1.328729090362280318e-01
6.174818359375000000e+03 1.337902390701534439e-01
6.174859863281250000e+03 1.339508986589561246e-01
6.174901855468750000e+03 1.335127966819377177e-01
6.174943359375000000e+03 1.326262088457710042e-01
6.174985351562500000e+03 1.314396781637581502e-01
6.175026855468750000e+03 1.301042363932744805e-01
6.175068847656250000e+03 1.287832606182930939e-01
6.175110839843750000e+03 1.276754633913857184e-01
6.175152343750000000e+03 1.268774273610752679e-01
6.175194335937500000e+03 1.260215246564144465e-01
6.175236328125000000e+03 1.247402463717919852e-01
6.175278320312500000e+03 1.231699322183448936e-01
6.175320312500000000e+03 1.215831423149077301e-01
6.175362792968750000e+03 1.201996422270846521e-01
6.175404785156250000e+03 1.189803119047776192e-01
6.175446777343750000e+03 1.178157912128802998e-01
6.175488769531250000e+03 1.166488846212946628e-01
6.175530761718750000e+03 1.156494451588701983e-01
6.175572753906250000e+03 1.150503408545036355e-01
6.175614746093750000e+03 1.150862581793132278e-01
6.175656738281250000e+03 1.159832646662109085e-01
6.175698730468750000e+03 1.176674879247708722e-01
6.175741210937500000e+03 1.189601070803978089e-01
6.175783203125000000e+03 1.185678737909879599e-01
6.175825195312500000e+03 1.159919022841754271e-01
6.175867675781250000e+03 1.119748357872635408e-01
6.175909667968750000e+03 1.064121995699086193e-01
6.175951660156250000e+03 9.875950525145925363e-02
6.175994140625000000e+03 8.884064837892252653e-02
6.176036132812500000e+03 7.930338229886700618e-02
6.176078613281250000e+03 7.391399123941078120e-02
6.176121093750000000e+03 7.312096309989925269e-02
6.176163085937500000e+03 7.516800056734604385e-02
6.176205566406250000e+03 7.645627106553663788e-02
6.176248046875000000e+03 7.529063664215256135e-02
6.176290039062500000e+03 7.347835248585850298e-02
6.176332519531250000e+03 7.323998260569224150e-02
6.176375000000000000e+03 7.478877479882978241e-02
6.176417480468750000e+03 7.773087299839616382e-02
6.176459960937500000e+03 8.164257316789547136e-02
6.176502441406250000e+03 8.613260030335348483e-02
6.176544921875000000e+03 9.086912090802087838e-02
6.176587402343750000e+03 9.558118249510176578e-02
6.176629394531250000e+03 1.000481932180270345e-01
6.176671875000000000e+03 1.040862423275353138e-01
6.176714355468750000e+03 1.075350556831475429e-01
6.176756835937500000e+03 1.102464504494025249e-01
6.176799316406250000e+03 1.120737914472955260e-01
6.176842285156250000e+03 1.128612876333821430e-01
6.176884765625000000e+03 1.125402095976670847e-01
6.176927246093750000e+03 1.114495331511398263e-01
6.176970214843750000e+03 1.100310804433323325e-01
6.177012695312500000e+03 1.087422904640552163e-01
6.177055664062500000e+03 1.080611008112385418e-01
6.177098144531250000e+03 1.082227103210509217e-01
6.177141113281250000e+03 1.086226895582533825e-01
6.177183593750000000e+03 1.090642063400395489e-01
6.177226562500000000e+03 1.095154217539106023e-01
6.177269042968750000e+03 1.099450016468675878e-01
6.177312011718750000e+03 1.103220901077640592e-01
6.177354492187500000e+03 1.106161975800509373e-01
6.177397460937500000e+03 1.107970089209250053e-01
6.177439941406250000e+03 1.108341131543495867e-01
6.177482910156250000e+03 1.106966514273444863e-01
6.177525878906250000e+03 1.103528725547520406e-01
6.177568847656250000e+03 1.097695758423509887e-01
6.177611816406250000e+03 1.089114072195550009e-01
6.177654785156250000e+03 1.077399545370734263e-01
6.177697753906250000e+03 1.062125565720009462e-01
6.177740722656250000e+03 1.042806892929816764e-01
6.177783203125000000e+03 1.018877058552645348e-01
6.177826171875000000e+03 9.896555043634525095e-02
6.177869628906250000e+03 9.542976913222399327e-02
6.177912597656250000e+03 9.117153919310996835e-02
6.177955566406250000e+03 8.604411580261348003e-02
6.177998535156250000e+03 7.983788246208259332e-02
6.178041992187500000e+03 7.236722181980961843e-02
6.178084472656250000e+03 6.391860664576795581e-02
6.178127929687500000e+03 5.507327418461305940e-02
6.178170898437500000e+03 4.682484465266172763e-02
6.178214355468750000e+03 4.061802682721962071e-02
6.178257324218750000e+03 3.719777482720250383e-02
6.178300781250000000e+03 3.669596182365830739e-02
6.178343261718750000e+03 3.863377891991899571e-02
6.178386718750000000e+03 4.219426302235713272e-02
6.178430175781250000e+03 4.672422788196030352e-02
6.178473632812500000e+03 5.174272766525968986e-02
6.178516601562500000e+03 5.691071258768387597e-02
6.178559570312500000e+03 6.199654000764164008e-02
6.178603027343750000e+03 6.683830374378811612e-02
6.178646484375000000e+03 7.131635185490893536e-02
6.178689941406250000e+03 7.533529094796886927e-02
6.178733398437500000e+03 7.881226284268830207e-02
6.178776367187500000e+03 8.166882995259619471e-02
6.178819824218750000e+03 8.382462595977706321e-02
6.178863281250000000e+03 8.522481925328731500e-02
6.178906738281250000e+03 8.593172333291285159e-02
6.178950195312500000e+03 8.602092300551009152e-02
6.178993652343750000e+03 8.555318924434125727e-02
6.179037109375000000e+03 8.457881883383275290e-02
6.179080078125000000e+03 8.314058261727118315e-02
6.179124023437500000e+03 8.127584534705410702e-02
6.179167480468750000e+03 7.901819160737115488e-02
6.179211425781250000e+03 7.639877599386012130e-02
6.179254394531250000e+03 7.344755968464973528e-02
6.179298339843750000e+03 7.019457727042201223e-02
6.179341796875000000e+03 6.667138954618756497e-02
6.179385253906250000e+03 6.291292141627165269e-02
6.179429199218750000e+03 5.895996785574581650e-02
6.179472656250000000e+03 5.486278874725331739e-02
6.179516113281250000e+03 5.068641413251574052e-02
6.179560058593750000e+03 4.651850906732923896e-02
6.179604003906250000e+03 4.248069272414835978e-02
6.179646972656250000e+03 3.874335224875120887e-02
6.179690917968750000e+03 3.554044719555286141e-02
6.179734375000000000e+03 3.317201067199687659e-02
6.179778320312500000e+03 3.197044198226741546e-02
6.179822265625000000e+03 3.221322779808757225e-02
6.179865722656250000e+03 3.401691687916091889e-02
6.179909667968750000e+03 3.729914789391933216e-02
6.179953613281250000e+03 4.184357444154894468e-02
6.179997558593750000e+03 4.740071836046663711e-02
6.180041503906250000e+03 5.375308919691318410e-02
6.180084960937500000e+03 6.073452745913678757e-02
6.180129394531250000e+03 6.822527422716012646e-02
6.180172851562500000e+03 7.601686519182201951e-02
6.180216796875000000e+03 8.352338168145420627e-02
6.180260742187500000e+03 9.024653148667118041e-02
6.180304687500000000e+03 9.581433208961398496e-02
6.180348632812500000e+03 9.990498959602264750e-02
6.180393066406250000e+03 1.021925887064434602e-01
6.180436523437500000e+03 1.025053873021278816e-01
6.180480957031250000e+03 1.014148979352562097e-01
6.180524414062500000e+03 9.965474184854448969e-02
6.180568847656250000e+03 9.798197617760485978e-02
6.180612792968750000e+03 9.720094349117952559e-02
6.180657226562500000e+03 9.812529448410674260e-02
6.180701171875000000e+03 1.009805568262938241e-01
6.180745605468750000e+03 1.039656051581020063e-01
6.180789550781250000e+03 1.052126245519178632e-01
6.180833496093750000e+03 1.038612409657724833e-01
6.180877929687500000e+03 9.942271119964665727e-02
6.180921875000000000e+03 9.246113779371516184e-02
6.180966308593750000e+03 8.385461922872512741e-02
6.181010253906250000e+03 7.472853283206622177e-02
6.181054199218750000e+03 6.683618224306121791e-02
6.181098632812500000e+03 6.221879733524926515e-02
6.181143066406250000e+03 6.066449476466762025e-02
6.181187011718750000e+03 6.336558140507396464e-02
6.181231933593750000e+03 7.033121451576890282e-02
6.181275878906250000e+03 7.746255018038890328e-02
6.181319824218750000e+03 8.169459042196300369e-02
6.181364746093750000e+03 8.302841050711942672e-02
6.181408691406250000e+03 8.181556065724628068e-02
6.181453125000000000e+03 7.815718521290175580e-02
6.181498046875000000e+03 7.212974415386232130e-02
6.181541992187500000e+03 6.451382502467453706e-02
6.181586425781250000e+03 5.659085558490703494e-02
6.181630859375000000e+03 4.994573858756781032e-02
6.181675781250000000e+03 4.503042044463996529e-02
6.181720214843750000e+03 4.178953352375421038e-02
6.181764160156250000e+03 3.993735373970846297e-02
6.181808593750000000e+03 3.896844518393831336e-02
6.181853027343750000e+03 3.836997979899357814e-02
6.181897949218750000e+03 3.809902971182002607e-02
6.181942871093750000e+03 3.823359440189506853e-02
6.181987304687500000e+03 3.883981926110875726e-02
6.182031738281250000e+03 3.996525898928953574e-02
6.182076171875000000e+03 4.163471814622548423e-02
6.182120605468750000e+03 4.385006220277708200e-02
6.182165527343750000e+03 4.659383734084004275e-02
6.182209960937500000e+03 4.983515842606018459e-02
6.182254882812500000e+03 5.353592168963290654e-02
6.182299804687500000e+03 5.765592997726556174e-02
6.182344238281250000e+03 6.215637606050010422e-02
6.182389160156250000e+03 6.700178594761642403e-02
6.182433593750000000e+03 7.216081991064063339e-02
6.182478515625000000e+03 7.760635720167335938e-02
6.182523437500000000e+03 8.327594761486781239e-02
6.182567871093750000e+03 8.897407467121000446e-02
6.182612792968750000e+03 9.451715109203878695e-02
6.182657714843750000e+03 9.976188246843743779e-02
6.182702636718750000e+03 1.045917896605663006e-01
6.182747070312500000e+03 1.089070920867784842e-01
6.182791992187500000e+03 1.126170860139511509e-01
6.182836914062500000e+03 1.156340939991863936e-01
6.182881835937500000e+03 1.178681704807153924e-01
6.182926757812500000e+03 1.192854482483623052e-01
6.182971191406250000e+03 1.200904631955205110e-01
6.183016601562500000e+03 1.205335139307828346e-01
6.183061523437500000e+03 1.208559655348069445e-01
6.183106445312500000e+03 1.212952992761969495e-01
6.183151367187500000e+03 1.220852376680605783e-01
6.183196777343750000e+03 1.234514243756500429e-01
6.183241699218750000e+03 1.255385833688447139e-01
6.183286132812500000e+03 1.282175837563065135e-01
6.183331542968750000e+03 1.312463908860672102e-01
6.183376464843750000e+03 1.341964873779333822e-01
6.183421875000000000e+03 1.366252663520575450e-01
6.183466308593750000e+03 1.381172655829833174e-01
6.183511718750000000e+03 1.382602962186646467e-01
6.183557128906250000e+03 1.367614990577547263e-01
6.183602050781250000e+03 1.338774356296744683e-01
6.183646972656250000e+03 1.299956581812587442e-01
6.183692382812500000e+03 1.255205090862450690e-01
6.183737792968750000e+03 1.209021286626629083e-01
6.183782714843750000e+03 1.166585493159291581e-01
6.183828125000000000e+03 1.133826648008078725e-01
6.183873535156250000e+03 1.117188478009839558e-01
6.183918457031250000e+03 1.121205515972819172e-01
6.183963867187500000e+03 1.142547447387953496e-01
6.184008789062500000e+03 1.175589424697384699e-01
6.184054199218750000e+03 1.214845946391184400e-01
6.184099121093750000e+03 1.255346782105400960e-01
6.184145019531250000e+03 1.292712061843094007e-01
6.184189941406250000e+03 1.323040518481689298e-01
6.184235351562500000e+03 1.343758214060288003e-01
6.184280761718750000e+03 1.356465013063123948e-01
6.184326171875000000e+03 1.363579880645778841e-01
6.184371582031250000e+03 1.367094089332175355e-01
6.184416992187500000e+03 1.367798651559692658e-01
6.184462402343750000e+03 1.366082068108543379e-01
6.184507812500000000e+03 1.361939658834016853e-01
6.184553222656250000e+03 1.355258018496220962e-01
6.184598632812500000e+03 1.345961086127076545e-01
6.184644531250000000e+03 1.334171674107045291e-01
6.184689453125000000e+03 1.320056986323139836e-01
6.184735351562500000e+03 1.303778412732430891e-01
6.184780761718750000e+03 1.285494031389249614e-01
6.184826171875000000e+03 1.265361001635390004e-01
6.184871582031250000e+03 1.243537932387589612e-01
6.184917480468750000e+03 1.220187300216552112e-01
6.184962890625000000e+03 1.195477985554100897e-01
6.185008300781250000e+03 1.169587990075241779e-01
6.185054199218750000e+03 1.142707392018983414e-01
6.185100097656250000e+03 1.115041586257657785e-01
6.185145507812500000e+03 1.086814838586182552e-01
6.185190917968750000e+03 1.058274153779623084e-01
6.185236816406250000e+03 1.029671539213363324e-01
6.185282226562500000e+03 1.001197712997974609e-01
6.185328125000000000e+03 9.730425181035225191e-02
6.185373535156250000e+03 9.454181526557793591e-02
6.185419433593750000e+03 9.185615780272325670e-02
6.185465332031250000e+03 8.927365804023684737e-02
6.185511230468750000e+03 8.682351302479006383e-02
6.185557128906250000e+03 8.453775563677304317e-02
6.185602539062500000e+03 8.245109278500890870e-02
6.185648437500000000e+03 8.060049580955569448e-02
6.185694335937500000e+03 7.902447721619991483e-02
6.185739746093750000e+03 7.776200881630861150e-02
6.185785644531250000e+03 7.685108198541809599e-02
6.185831542968750000e+03 7.632698161066366060e-02
6.185877441406250000e+03 7.622043059084089578e-02
6.185923339843750000e+03 7.646009793613708916e-02
6.185969238281250000e+03 7.658856995580388960e-02
6.186015136718750000e+03 7.605336775600818333e-02
6.186061523437500000e+03 7.427417865880520109e-02
6.186106933593750000e+03 7.114157485103085599e-02
6.186152832031250000e+03 6.887214683446134245e-02
6.186198730468750000e+03 6.987465914005079604e-02
6.186245117187500000e+03 7.381257175795531700e-02
6.186290527343750000e+03 7.964334230740610643e-02
6.186336914062500000e+03 8.645269042084022248e-02
6.186382812500000000e+03 9.353327752046126931e-02
6.186428710937500000e+03 1.004094798861357996e-01
6.186475097656250000e+03 1.068896302727630754e-01
6.186520996093750000e+03 1.128615183068167188e-01
6.186566894531250000e+03 1.182299377617300196e-01
6.186613281250000000e+03 1.229083109946036145e-01
6.186659667968750000e+03 1.268124719949552393e-01
6.186705566406250000e+03 1.298554911925224598e-01
6.186751953125000000e+03 1.319426860801855839e-01
6.186797851562500000e+03 1.330098702623285223e-01
6.186844238281250000e+03 1.331477528942590083e-01
6.186890136718750000e+03 1.324698159048020574e-01
6.186936035156250000e+03 1.310751527213513401e-01
6.186982421875000000e+03 1.290540271651713922e-01
6.187028320312500000e+03 1.264901070517625015e-01
6.187074707031250000e+03 1.234574464037010016e-01
6.187121093750000000e+03 1.200292543182621685e-01
6.187166992187500000e+03 1.162827938116827997e-01
6.187213867187500000e+03 1.123024404005687205e-01
6.187259765625000000e+03 1.081830363519236254e-01
6.187306152343750000e+03 1.040335405923919487e-01
6.187352050781250000e+03 9.998077436749837343e-02
6.187398925781250000e+03 9.617270744180719810e-02
6.187444824218750000e+03 9.278017421066500625e-02
6.187491210937500000e+03 8.999521965802528833e-02
6.187537597656250000e+03 8.802380015967442572e-02
6.187583984375000000e+03 8.707106751756769902e-02
6.187630371093750000e+03 8.731982308871502618e-02
6.187676757812500000e+03 8.885194330374085459e-02
6.187723144531250000e+03 9.147937839266767623e-02
6.187769531250000000e+03 9.494097665973522115e-02
6.187815917968750000e+03 9.898589724902290277e-02
6.187862792968750000e+03 1.033891866255505221e-01
6.187909179687500000e+03 1.079570152130538557e-01
6.187955566406250000e+03 1.123091789362923587e-01
6.188001953125000000e+03 1.155410377132421867e-01
6.188047851562500000e+03 1.176422056974868735e-01
6.188094726562500000e+03 1.188236156935579546e-01
6.188141113281250000e+03 1.192629690062139286e-01
6.188187988281250000e+03 1.191190140858170710e-01
6.188234375000000000e+03 1.185408920923287507e-01
6.188281250000000000e+03 1.176745822348846116e-01
6.188327148437500000e+03 1.166673592766989537e-01
6.188374023437500000e+03 1.156705633895697000e-01
6.188420898437500000e+03 1.148406104633016150e-01
6.188467285156250000e+03 1.143379667322603627e-01
6.188513671875000000e+03 1.142231666326644079e-01
6.188560546875000000e+03 1.141511637854167871e-01
6.188606933593750000e+03 1.137437112672785716e-01
6.188653808593750000e+03 1.128980333401531644e-01
6.188700683593750000e+03 1.115752991995703769e-01
6.188747070312500000e+03 1.097289155810693279e-01
6.188793945312500000e+03 1.074152622281143027e-01
6.188840332031250000e+03 1.051530414419736409e-01
6.188887207031250000e+03 1.036216543818249958e-01
6.188933593750000000e+03 1.033693782303734265e-01
6.188980468750000000e+03 1.042767846437718665e-01
6.189027343750000000e+03 1.060309233450995731e-01
6.189073730468750000e+03 1.083331916857038085e-01
6.189121093750000000e+03 1.109749291736405741e-01
6.189167480468750000e+03 1.137809559516886337e-01
6.189214355468750000e+03 1.165914912758678201e-01
6.189261230468750000e+03 1.192615785356928443e-01
6.189308105468750000e+03 1.216586549217333751e-01
6.189354980468750000e+03 1.236590670455567503e-01
6.189401855468750000e+03 1.251439561511064613e-01
6.189448242187500000e+03 1.259946001755444800e-01
6.189495117187500000e+03 1.260869961177662757e-01
6.189541992187500000e+03 1.252851256206125030e-01
6.189588867187500000e+03 1.236371910183273470e-01
6.189635742187500000e+03 1.220101487703031812e-01
6.189682617187500000e+03 1.210847306879857810e-01
6.189729492187500000e+03 1.200668153119277271e-01
6.189776367187500000e+03 1.187557695809386971e-01
6.189823730468750000e+03 1.172114054500339453e-01
6.189870605468750000e+03 1.154950466837563194e-01
6.189917480468750000e+03 1.136707198311079081e-01
6.189964355468750000e+03 1.118061545588965450e-01
6.190011718750000000e+03 1.099735347890356124e-01
6.190058105468750000e+03 1.082498942659159413e-01
6.190105468750000000e+03 1.067170064036021132e-01
6.190152343750000000e+03 1.054605915306312813e-01
6.190199707031250000e+03 1.045686765126270235e-01
6.190246582031250000e+03 1.041290179313901221e-01
6.190293457031250000e+03 1.042256576222758691e-01
6.190340820312500000e+03 1.049349062353272383e-01
6.190387695312500000e+03 1.063212876094192100e-01
6.190435058593750000e+03 1.084341245230710793e-01
6.190481933593750000e+03 1.113054087690228816e-01
6.190529296875000000e+03 1.148691917006552515e-01
6.190576171875000000e+03 1.187446556105690859e-01
6.190623535156250000e+03 1.225184528006595941e-01
6.190670410156250000e+03 1.258258659051311734e-01
6.190717285156250000e+03 1.279100767324187204e-01
6.190764648437500000e+03 1.269778428540806747e-01
6.190812011718750000e+03 1.232953216249042389e-01
6.190858886718750000e+03 1.176644324183950402e-01
6.190906250000000000e+03 1.105655025594620144e-01
6.190953613281250000e+03 1.019343736941873690e-01
6.191000488281250000e+03 9.497160779360844240e-02
6.191047851562500000e+03 9.289950202502873788e-02
6.191094726562500000e+03 9.455207886045999266e-02
6.191142089843750000e+03 9.764790327196992692e-02
6.191189453125000000e+03 1.011895270464689411e-01
6.191236328125000000e+03 1.045757594439932076e-01
6.191283691406250000e+03 1.072789490694753683e-01
6.191331054687500000e+03 1.088150483840430449e-01
6.191378417968750000e+03 1.088228276449633020e-01
6.191425781250000000e+03 1.073915419176034863e-01
6.191473144531250000e+03 1.046831941470752619e-01
6.191520507812500000e+03 1.008243606062650399e-01
6.191567871093750000e+03 9.591744675010036025e-02
6.191614746093750000e+03 9.004817090984863770e-02
6.191662109375000000e+03 8.329113358515945198e-02
6.191709960937500000e+03 7.571479343763110048e-02
6.191757324218750000e+03 6.754894131548375147e-02
6.191804199218750000e+03 5.986009418823889927e-02
6.191852050781250000e+03 5.450265129730375718e-02
6.191898925781250000e+03 5.385777835300666061e-02
6.191946777343750000e+03 5.958369225063169655e-02
6.191993652343750000e+03 6.992513120115069480e-02
6.192041503906250000e+03 7.875340355170476481e-02
6.192088867187500000e+03 8.457039562935568522e-02
6.192136230468750000e+03 8.690102880735528501e-02
6.192183593750000000e+03 8.533742644959309287e-02
6.192230957031250000e+03 8.140988802356041720e-02
6.192278808593750000e+03 7.925497278952782498e-02
6.192326171875000000e+03 8.017238646118489409e-02
6.192373535156250000e+03 8.421044324472003184e-02
6.192420898437500000e+03 9.109277505556669097e-02
6.192468261718750000e+03 9.984211828011635426e-02
6.192516113281250000e+03 1.079184668565780630e-01
6.192563476562500000e+03 1.138600731421317708e-01
6.192611328125000000e+03 1.173187473169021444e-01
6.192658691406250000e+03 1.180265967747580885e-01
6.192706054687500000e+03 1.162782047532191498e-01
6.192753906250000000e+03 1.141530307118391874e-01
6.192801269531250000e+03 1.111000743964197374e-01
6.192848632812500000e+03 1.081032822686600198e-01
6.192895996093750000e+03 1.040817440385486820e-01
6.192943847656250000e+03 1.004785662084992370e-01
6.192991699218750000e+03 9.899828953132937259e-02
6.193038574218750000e+03 9.831802750707892280e-02
6.193086425781250000e+03 9.784158635154814598e-02
6.193134277343750000e+03 9.668077922720540174e-02
6.193181640625000000e+03 9.442466983931277480e-02
6.193229492187500000e+03 9.318276660329949390e-02
6.193276855468750000e+03 9.439245791090311588e-02
6.193324707031250000e+03 9.832977105030059339e-02
6.193372070312500000e+03 1.025850331596933757e-01
6.193419921875000000e+03 1.047013643376767389e-01
6.193467773437500000e+03 1.051732937192831618e-01
6.193515625000000000e+03 1.046642376291493925e-01
6.193562988281250000e+03 1.017261390589450504e-01
6.193610839843750000e+03 9.615674618811453911e-02
6.193658203125000000e+03 8.807328320997466486e-02
6.193706054687500000e+03 7.786427184003925916e-02
6.193753906250000000e+03 6.813278998566389688e-02
6.193801757812500000e+03 6.240566198195265923e-02
6.193849121093750000e+03 6.042645648122420970e-02
6.193896972656250000e+03 6.002806951944804348e-02
6.193944824218750000e+03 5.935966197011511430e-02
6.193992675781250000e+03 5.927428166135387949e-02
6.194040527343750000e+03 6.071130808109080623e-02
6.194087890625000000e+03 6.221677809527469821e-02
6.194135742187500000e+03 6.250317680469748283e-02
6.194183593750000000e+03 6.281773644422432301e-02
6.194231445312500000e+03 6.496971335053530749e-02
6.194279296875000000e+03 7.045406386295965939e-02
6.194326660156250000e+03 7.936565341216714198e-02
6.194374511718750000e+03 8.899148033977537231e-02
6.194422363281250000e+03 9.725465890266105085e-02
6.194470214843750000e+03 1.036453034019490516e-01
6.194517578125000000e+03 1.078809018273206993e-01
6.194565917968750000e+03 1.094636855443563705e-01
6.194613769531250000e+03 1.077154976228060362e-01
6.194661621093750000e+03 1.028367625018517251e-01
6.194709472656250000e+03 9.868861634779181602e-02
6.194756835937500000e+03 9.626717661362095557e-02
6.194804687500000000e+03 9.541130523089411120e-02
6.194853027343750000e+03 9.587204626026260557e-02
6.194900878906250000e+03 9.734446796537896129e-02
6.194948730468750000e+03 9.950372533632780014e-02
6.194996582031250000e+03 1.018027909020829819e-01
6.195044433593750000e+03 1.028287787312730100e-01
6.195092285156250000e+03 1.014688230639763239e-01
6.195140136718750000e+03 9.851986647098950889e-02
6.195187988281250000e+03 9.530493515095633805e-02
6.195236328125000000e+03 9.271852246222331284e-02
6.195283691406250000e+03 8.981090834152048730e-02
6.195331542968750000e+03 8.676626820230258497e-02
6.195379882812500000e+03 8.428225327320694460e-02
6.195427734375000000e+03 8.314029086485395792e-02
6.195475585937500000e+03 8.411973846613879369e-02
6.195523437500000000e+03 8.784275958029995335e-02
6.195571289062500000e+03 9.398288339922750145e-02
6.195619628906250000e+03 1.000301238559933720e-01
6.195666992187500000e+03 1.047142904008496328e-01
6.195715332031250000e+03 1.072683125488802930e-01
6.195763183593750000e+03 1.068962393871884936e-01
6.195811035156250000e+03 1.025799145286113018e-01
6.195859375000000000e+03 9.367206784272107123e-02
6.195907226562500000e+03 8.305214686830916793e-02
6.195955078125000000e+03 7.582695216050931719e-02
6.196002929687500000e+03 7.760650432311673452e-02
6.196051269531250000e+03 8.939838025811765176e-02
6.196099121093750000e+03 1.021104526505022259e-01
6.196146972656250000e+03 1.098423204689204236e-01
6.196195312500000000e+03 1.141981398832402211e-01
6.196243164062500000e+03 1.168270442127976039e-01
6.196291503906250000e+03 1.168169453054619250e-01
6.196338867187500000e+03 1.160033214931045220e-01
6.196387207031250000e+03 1.162133114066248030e-01
6.196435058593750000e+03 1.161044251486738899e-01
6.196483398437500000e+03 1.151953904022392783e-01
6.196531250000000000e+03 1.135216989573181456e-01
6.196579589843750000e+03 1.114724401207421584e-01
6.196627441406250000e+03 1.095513356170805946e-01
6.196675781250000000e+03 1.082962166131797577e-01
6.196723632812500000e+03 1.080850632833851577e-01
6.196771484375000000e+03 1.093704227002584572e-01
6.196819824218750000e+03 1.110657912228296129e-01
6.196867675781250000e+03 1.044130552257515610e-01
6.196915527343750000e+03 1.073236928010545405e-01
6.196963378906250000e+03 1.157374093053182562e-01
6.197011718750000000e+03 1.196073958196943454e-01
6.197059570312500000e+03 1.231761885750109892e-01
6.197107910156250000e+03 1.253666734241579428e-01
6.197155761718750000e+03 1.278753486069724443e-01
6.197204101562500000e+03 1.280199916034362173e-01
6.197251953125000000e+03 1.280923470863269964e-01
6.197300292968750000e+03 1.288869044957349774e-01
6.197348144531250000e+03 1.282598874595828886e-01
6.197396484375000000e+03 1.265495343394648919e-01
6.197444824218750000e+03 1.246219626610474973e-01
6.197492187500000000e+03 1.222321561804343149e-01
6.197540527343750000e+03 1.190752122050844075e-01
6.197588378906250000e+03 1.155078903521720296e-01
6.197637207031250000e+03 1.136530632892199244e-01
6.197685058593750000e+03 1.129441060823991316e-01
6.197732910156250000e+03 1.117387331277866769e-01
6.197781250000000000e+03 1.077103858342736281e-01
6.197829589843750000e+03 1.002983171340803142e-01
6.197877441406250000e+03 9.800728642096455390e-02
6.197925292968750000e+03 1.058036481388925781e-01
6.197973632812500000e+03 1.150773148465329548e-01
6.198021484375000000e+03 1.187393962987214335e-01
6.198069824218750000e+03 1.192116893221320806e-01
6.198118164062500000e+03 1.196236795817277598e-01
6.198166015625000000e+03 1.195748466533979315e-01
6.198214355468750000e+03 1.192930304857424267e-01
6.198262207031250000e+03 1.170818054791385593e-01
6.198310546875000000e+03 1.134691597478311442e-01
6.198358886718750000e+03 1.096034522800665573e-01
6.198406738281250000e+03 1.058436011213296501e-01
6.198455078125000000e+03 1.030761850163641052e-01
6.198502929687500000e+03 1.036999491363525816e-01
6.198550781250000000e+03 1.061960460359875763e-01
6.198599609375000000e+03 1.108902456188994162e-01
6.198647460937500000e+03 1.151214175551791147e-01
6.198695312500000000e+03 1.182097227070450923e-01
6.198743652343750000e+03 1.195826734582413203e-01
6.198791503906250000e+03 1.197064160211456368e-01
6.198839843750000000e+03 1.188990524118911513e-01
6.198887695312500000e+03 1.173432329208200370e-01
6.198936035156250000e+03 1.152142313610409058e-01
6.198984375000000000e+03 1.126342381748741406e-01
6.199032714843750000e+03 1.089696945677158940e-01
6.199081054687500000e+03 1.023517325835342218e-01
6.199128417968750000e+03 9.500279221747322256e-02
6.199176757812500000e+03 9.086698541433899101e-02
6.199225097656250000e+03 9.125623796518177178e-02
6.199272949218750000e+03 9.479914688594393013e-02
6.199321777343750000e+03 9.624766501403421437e-02
6.199369628906250000e+03 9.550636404881727992e-02
6.199417480468750000e+03 9.392052202276146566e-02
6.199465820312500000e+03 9.266608726457876977e-02
6.199514160156250000e+03 9.206974016967349461e-02
6.199562011718750000e+03 9.176288274474378448e-02
6.199610351562500000e+03 9.164190538663648244e-02
6.199658203125000000e+03 9.227620530101143803e-02
6.199706542968750000e+03 9.142931964468166417e-02
6.199754882812500000e+03 8.781917867097353836e-02
6.199802734375000000e+03 8.318474478366573444e-02
6.199850585937500000e+03 8.668552369676359171e-02
6.199898925781250000e+03 9.301510709553845180e-02
6.199947265625000000e+03 9.541888023480002423e-02
6.199995117187500000e+03 9.470144752600681559e-02
6.200043457031250000e+03 9.310471829117514253e-02
6.200091308593750000e+03 9.203883127451842339e-02
6.200139648437500000e+03 9.038396312501464913e-02
6.200187500000000000e+03 8.933152944137574825e-02
6.200235839843750000e+03 8.923522943571969568e-02
6.200284179687500000e+03 8.995559947949974267e-02
6.200332031250000000e+03 9.125050754697118516e-02
6.200380371093750000e+03 9.284489656430772175e-02
6.200428222656250000e+03 9.414353609130375611e-02
6.200476562500000000e+03 9.341914402761068714e-02
6.200524902343750000e+03 9.036494450190189764e-02
6.200572753906250000e+03 8.988475015987396066e-02
6.200620605468750000e+03 9.181491050871583293e-02
6.200668945312500000e+03 9.696146944390367228e-02
6.200717285156250000e+03 9.856650401981710552e-02
6.200765136718750000e+03 9.968202247671489880e-02
6.200813476562500000e+03 1.030759747868444792e-01
6.200861328125000000e+03 1.062328588925114115e-01
6.200909179687500000e+03 1.086441793518093668e-01
6.200957519531250000e+03 1.101260793446240532e-01
6.201005371093750000e+03 1.108916754969087731e-01
6.201053710937500000e+03 1.112853173284301667e-01
6.201101562500000000e+03 1.101646142462609224e-01
6.201149414062500000e+03 1.077361210930545959e-01
6.201197753906250000e+03 1.046793597430476924e-01
6.201245605468750000e+03 1.017309095365514227e-01
6.201293945312500000e+03 9.971020989364248743e-02
6.201342285156250000e+03 9.928454960072218005e-02
6.201389648437500000e+03 1.002609267354277189e-01
6.201437988281250000e+03 1.020587448679311365e-01
6.201486328125000000e+03 1.038317607659961089e-01
6.201534179687500000e+03 1.047208685966254105e-01
6.201582031250000000e+03 1.037092938963121158e-01
6.201630371093750000e+03 9.893969005278201168e-02
6.201678222656250000e+03 8.900730762969320808e-02
6.201726074218750000e+03 7.754230319303472008e-02
6.201773925781250000e+03 7.188593687936906118e-02
6.201822265625000000e+03 7.762464594638193716e-02
6.201870117187500000e+03 8.585588801986338003e-02
6.201917968750000000e+03 8.924210486188338676e-02
6.201966308593750000e+03 9.017346509656912201e-02
6.202014160156250000e+03 9.192465780780237350e-02
6.202062500000000000e+03 9.544342017122700583e-02
6.202110351562500000e+03 1.008983057832748970e-01
6.202158203125000000e+03 1.075645345528128544e-01
6.202206054687500000e+03 1.133165964279118920e-01
6.202254394531250000e+03 1.164153178618481249e-01
6.202302246093750000e+03 1.180881791533102687e-01
6.202350097656250000e+03 1.186724452333079161e-01
6.202398437500000000e+03 1.179083538380254897e-01
6.202446289062500000e+03 1.163033154821669218e-01
6.202494140625000000e+03 1.159332624329772882e-01
6.202541992187500000e+03 1.140779439039359827e-01
6.202589843750000000e+03 1.126605447356725659e-01
6.202637695312500000e+03 1.117029686919750048e-01
6.202685546875000000e+03 1.099621504224765206e-01
6.202733886718750000e+03 1.106775432362361727e-01
6.202781250000000000e+03 1.113121183459187674e-01
6.202829589843750000e+03 1.114710459514811347e-01
6.202877441406250000e+03 1.124543559969874706e-01
6.202925292968750000e+03 1.120832047338593540e-01
6.202973144531250000e+03 1.125457973963293751e-01
6.203020996093750000e+03 1.077995484584579194e-01
